14679
8534
6501
5421
3983
14521
19908
8722
1798
12838
1946
6929
1654
15475
11552
17010
12149
19072
19632
5819
54
10409
4027
88
9940
19365
7154
11759
3928
7467
18172
2327
16001
8393
11469
3705
2913
15097
12427
8433
7935
18094
15362
13310
13568
6913
14040
9437
5985
13672
15256
9760
7801
3003
9848
1462
6088
17002
16942
13738
8190
18834
19786
4190
7226
11255
7895
13861
10072
4042
2293
18007
2135
1375
15038
19425
8288
9077
8861
17994
6469
7838
7753
14271
14562
1322
19454
650
2044
16395
18109
10234
15228
17894
14425
2453
9148
6040
34
19221
10083
6048
947
15939
7423
19706
15363
15712
12504
4224
17426
18973
12062
8900
16964
10344
10222
16417
10994
12266
12811
9102
6221
11759
10717
645
17934
3585
10406
17968
6526
488
4016
7474
16428
15160
10900
11790
10871
3403
19735
12018
2376
15517
917
3060
5861
14860
3198
575
10846
19730
13399
17067
11489
4115
1432
9422
7700
11839
11110
14227
16048
18847
5421
12475
14007
16321
7986
8598
19725
11441
615
5821
6958
5253
12602
12819
112
15800
17115
14680
15530
10513
11746
7018
14628
13179
160
6049
8738
11270
275
4785
13838
5696
981
7844
5737
12688
16442
9182
4128
778
15003
11086
9752
11326
7625
13586
7125
4740
8265
2654
18974
10
13393
13602
16910
13553
3371
5647
8544
3646
14154
2381
13063
15135
10225
18800
7822
10387
11703
15671
14886
6705
6757
4638
18031
18103
18224
8877
6563
6488
11531
5537
6498
8645
2859
7129
2197
6230
16497
14462
9876
10650
16843
6659
9505
10788
9179
1047
1175
881
16719
19782
11308
3475
4419
13059
5298
6363
1935
11862
12851
17188
17399
3070
5832
257
10199
11750
6487
6695
6212
83
1066
6775
10463
10571
17564
19642
11619
2459
523
8337
2240
11831
15533
6660
4889
830
13023
6825
16413
9595
4012
13811
12665
13565
17789
6584
5314
7996
17000
15247
11800
18066
2022
2262
12358
19586
1904
7697
5765
2427
19755
8005
14258
15287
18386
2867
19838
11409
13413
16251
4724
1145
13782
17389
14710
11571
7693
3745
3287
4692
2712
15088
6479
4734
17350
2557
8040
19254
10254
13805
1680
10008
5531
19659
9015
3916
2526
12573
15325
15939
12544
48
17085
6326
1157
15515
1617
12571
19260
4904
984
1972
19992
7463
10427
17342
10020
2188
16595
3994
19714
1996
14002
5244
5375
6737
9161
11622
19310
8206
7561
11854
11976
8366
18180
13133
7601
3517
9425
6861
8421
10409
12554
12134
17872
6701
13196
11612
8889
13511
19327
8603
19228
13328
17568
4603
64
6728
16225
3094
14935
7506
14948
10631
15872
16848
3763
7194
4085
13188
17776
16228
7317
10329
8361
5188
750
5277
520
13361
18788
19847
1963
18016
16895
3251
2618
679
9980
18843
3774
8635
10070
2442
19266
9662
3011
6749
16856
7096
3658
14631
3323
10975
8680
15405
19885
9431
681
404
2791
19470
3972
8475
17485
4587
11726
3823
5267
1705
6386
12762
14061
16456
18925
13326
6118
1935
75
2973
9032
7454
1325
16076
18429
10005
11481
18313
19436
12162
2438
2226
11631
10131
14422
12836
14718
6148
16659
3705
11574
3045
187
5635
3221
19113
2681
13060
4768
2756
19755
13800
13931
1079
9876
12360
11084
1356
14393
14241
17239
16831
187
8870
10682
14610
1705
5400
757
2085
12826
16052
8851
13014
1686
12072
15847
4368
5132
614
10845
4886
14415
4776
9686
8011
856
769
13088
15249
15010
10326
15801
15198
2916
6482
9807
8343
11882
14285
10428
8429
10336
19279
1442
15744
15071
17289
3832
3923
17903
14677
12530
16038
3173
2215
7769
4029
2985
4577
19279
1715
18625
18800
16913
1540
5281
10440
9883
884
8445
4031
9313
2502
7030
14476
18246
2101
11764
2077
6024
13387
474
18555
13146
3648
769
914
11398
7475
9213
14397
9191
7837
13196
9824
13098
18478
3985
6702
3082
12430
10733
12395
14932
17764
6870
13177
3585
2354
18975
9609
19462
19450
11884
12607
6818
16375
17243
18216
3849
6455
12613
16761
18013
5808
6585
11110
8006
10570
17812
11088
6720
12266
3482
1652
13750
14073
18550
17335
16427
1245
10664
19610
694
2548
12216
11233
18923
13179
9448
6492
19634
2060
3253
1366
11590
13559
16198
19596
4128
14009
14405
14569
9995
1607
16221
3744
15681
18492
4799
15828
19737
15464
15437
4151
1732
11374
15384
4375
4552
8552
10867
7907
14334
17841
9273
5923
11399
5470
9239
19248
3200
7364
13817
16916
8972
13758
4381
8373
12249
9180
4200
15706
8364
3358
3577
10096
18453
18961
14471
3004
11234
9059
14632
5567
6899
3905
15211
2019
13096
4449
1266
16
11814
18804
16933
4506
12562
1313
12879
8531
10493
799
4237
2578
7878
7814
12674
6330
10496
10866
13056
1729
3645
7687
11017
14265
15313
6227
16284
8409
14397
1271
12146
9931
74
9078
14437
12636
14112
11036
1167
8326
11836
9125
10904
19714
659
7298
9765
14876
18164
2820
325
5529
14228
11342
19795
9541
17569
16078
1670
15687
17349
13816
5617
1144
6615
54
13780
726
14811
18668
9052
6646
7792
3676
10081
8452
10975
19846
7048
9138
6386
7374
18389
613
18716
18183
10154
5
17981
15545
15692
19051
13082
1308
194
19697
5083
13974
4143
19895
12642
16917
10261
4154
592
341
16327
11567
3907
3375
4426
10293
10749
2814
14628
13185
996
8502
16911
2697
4047
12602
1747
17129
17632
1941
545
6435
19637
4688
10050
15999
1604
4032
152
2197
4373
200
17485
12002
3575
1910
6015
18045
8445
4363
14950
13162
12866
11861
15860
633
8183
17607
1482
9535
19549
2027
15971
19185
10436
9741
15183
15762
13773
19056
1679
1867
19256
19164
13869
6551
4795
3604
8316
13240
7968
3266
6402
833
15127
2261
5187
7030
19868
6669
16566
3136
12417
12536
6041
2852
5997
4944
18614
19771
4000
4013
1637
6976
3177
19227
17249
11693
6551
5564
4932
14519
12551
15055
19073
11398
17316
4259
18429
904
10928
14994
7761
7065
11250
13803
9918
17247
18747
12252
17017
6467
16266
2374
17165
3163
1600
18134
14856
8152
3697
3508
6391
19970
