15684
14016
11865
12697
7827
14720
3007
2090
982
19690
8500
19151
15132
7860
13979
1580
8887
13438
2594
2216
7049
7723
4775
14153
8385
11769
11093
11144
17860
15013
5056
13543
12749
16922
6239
4296
11641
9246
6386
16344
8935
18608
19215
7787
10188
13193
13088
19075
10351
15683
1290
1120
3405
9786
15274
15511
1554
10087
6654
19414
8820
11711
16677
1569
12353
6636
9586
7714
15882
19694
4057
8538
18301
3271
45
8488
184
13134
7562
10535
12537
12573
15377
19663
6079
10650
15173
11354
4457
1827
14488
13278
17259
11164
18568
9611
1520
8153
17325
1122
11567
5102
9660
9867
12094
13427
2075
12278
10281
13358
6533
2817
9651
1909
2479
15730
16280
17652
10804
4458
3199
5291
17736
4178
175
23
13789
1695
11897
14834
2818
3464
19936
16199
17052
12029
13346
19128
8027
3626
12485
18282
6443
5857
3911
8922
5307
3912
10295
16112
8370
17215
5123
9826
1393
5299
13570
15182
10715
5466
13737
17254
12651
13672
17174
9703
9422
10519
12551
1169
14146
8756
3171
4309
14613
7083
16953
19921
10995
7247
16032
3085
8182
1154
12911
9575
10174
10201
8478
4610
15667
2214
1863
12039
19607
2757
1741
9028
13277
14292
13919
11143
3047
17090
15452
17661
4172
12404
1301
18888
3371
1053
5693
11554
5928
2324
4849
16103
12525
13327
4433
11913
15541
10017
3951
15148
12775
9413
7896
6051
3704
1814
17194
10472
18905
16366
11853
6797
12491
13154
9406
15862
14207
18820
11136
135
1144
15986
19959
13669
9312
8112
9302
8574
18129
13253
3721
10903
2665
11617
16954
10090
17153
17868
4283
19778
14234
16136
10295
6724
13011
19701
6306
10938
18521
1163
14794
3385
869
14752
17054
13902
2863
6356
2475
4713
3329
6196
15616
5995
1534
16291
19806
18687
14158
4088
18464
12112
224
8758
2556
16956
12180
12584
7893
14421
13747
2687
17806
18337
1159
14859
12238
7744
4935
14714
12457
11986
4630
11793
17981
6164
8083
1506
8571
5962
5595
7034
18074
9540
19514
4351
10216
11693
16935
18109
6113
14402
4516
3918
16459
9397
2497
8696
17141
11154
7130
13318
3139
11761
5110
4840
1645
13194
6346
10217
19156
15662
971
949
8922
484
9021
19138
12177
5955
967
2010
4077
5483
5928
535
14880
12147
12953
15741
3300
82
12779
6439
15564
17890
15000
930
14804
1345
11147
17680
728
15839
18629
9650
16324
7650
12509
8500
17326
13476
14232
5124
18959
159
9380
17560
12306
6053
17021
19327
9857
9800
9486
5420
11410
4485
10071
6213
9552
1217
3892
14001
17057
6241
3650
17101
17612
16159
9321
18659
13355
3552
7503
16035
7433
16883
13594
3459
6657
14335
2786
16514
4134
15993
5654
19265
478
15726
5477
13751
663
13090
7751
1440
3052
15122
18541
4384
15002
7862
6763
8356
15135
14266
4390
2567
14870
1704
6027
1526
16040
8813
18040
3894
8526
3693
3159
9004
19419
12357
6475
3803
9168
14226
5243
15941
9348
3784
4045
8070
15367
10809
16426
10501
5074
4537
13069
19944
6241
2816
1469
6001
15350
3229
13617
3875
10644
496
12880
13783
16574
3075
17586
5741
17302
2829
5402
10370
6613
9448
2160
5700
256
18586
16201
9051
6843
12990
8995
16806
15806
14185
2806
11155
1135
143
15031
11779
639
11631
5561
17214
14706
3147
6675
15728
5976
15799
9818
16310
5246
11978
2009
9223
14285
1930
18274
1127
14921
10989
17933
14447
8895
4460
5602
10030
8324
4353
1808
8964
19705
11090
9898
18131
14237
16573
13859
3933
16092
7397
3963
1337
19376
9693
14281
13660
11624
16276
18508
10265
10985
161
4711
19880
8342
14034
13630
16666
18387
19159
5629
1811
10249
15527
19943
8206
15821
17522
15861
11912
4918
19824
16971
4293
9517
14972
1673
1140
11247
3902
15126
2232
4063
19837
5832
12405
13871
19463
9070
15978
2341
18421
17790
12590
13947
17732
4517
13488
15253
377
9121
3891
3921
6091
11906
17159
4783
13579
2019
16031
1201
17145
1983
5264
16982
11536
17669
10852
14719
10460
10550
17061
8880
8339
13371
6547
9791
1608
35
8764
1985
12877
12656
9628
18968
8282
6786
3750
1860
8806
3501
6783
5950
9205
12047
6652
741
13437
1224
15460
3896
11775
16241
16497
3834
9612
3043
13626
11220
6799
6110
16927
19676
2486
10275
2363
10768
17061
9835
16350
9587
13336
3132
15538
6262
15179
2189
7003
12336
7135
6183
16232
18910
2424
12728
2743
15757
19493
89
10697
6291
6200
7623
9688
8686
17898
12051
19455
18680
1885
19525
8266
18943
2656
7524
8925
1555
13435
15928
13892
569
5831
10123
19479
11976
6572
5942
11453
9785
6032
2150
16076
15953
13494
5763
4638
11392
1535
7813
13792
3420
7337
2057
6083
13714
13303
15008
15270
6737
14656
9161
11027
4208
3004
10505
16184
13297
167
7637
3081
9920
9787
2878
5872
3280
8641
14232
18393
10176
5765
15905
17318
16824
17963
7121
10537
14986
2129
5806
1722
505
18688
16470
4713
1692
6974
897
14989
10862
12255
1791
782
5762
4669
6654
9042
13310
885
11156
7207
10372
7060
8245
7195
8743
15366
17732
7449
1215
7259
9171
1721
5946
9361
6434
7638
16335
11052
6348
10918
3306
8139
11700
9068
12808
2074
1831
9838
6681
16708
765
17053
7488
12731
4247
16232
8097
1978
3680
13033
9237
16573
18475
18905
5933
4909
10263
5989
19682
331
627
6709
12191
12327
15777
4998
18122
1328
18558
4802
18036
3043
1854
5524
15775
9822
5476
7592
15522
12877
624
8479
13170
19100
7383
2824
7729
17647
12534
11131
17978
13161
17840
10169
9208
13617
18888
7329
18666
1165
12132
422
7930
17707
5946
3704
11250
15143
15017
6771
11740
19362
15250
4910
2181
6354
11455
13631
4000
3988
4762
5698
17149
2601
19588
6356
19939
2196
17406
18605
7082
13258
19027
15012
14686
8693
2436
5935
7556
17453
16427
19296
16815
11676
4205
2716
18030
15660
16348
5750
3368
1109
15170
4237
3710
18478
14314
7370
673
11720
5974
7756
4977
8721
6488
3383
17414
8925
9318
4969
6377
5744
7985
6912
1141
12191
13350
2891
11571
9697
8642
18661
10806
7532
2897
18237
6009
17212
5606
10404
8931
15301
1880
17629
4021
8368
1012
5155
17293
14051
13845
7391
19796
1830
18024
936
17742
11373
3827
13033
1069
16190
11693
15596
7442
14591
17554
13452
11802
3159
3855
4453
2181
5735
5802
6202
17824
6814
15079
15117
865
8923
6228
4381
10753
4251
9038
8494
19346
16586
1527
4135
12776
16941
19732
3938
11531
17285
17390
7053
4164
4965
15227
6345
14421
1029
16269
12245
11564
11347
7361
16150
269
17310
530
14744
1560
13289
6958
4626
9875
12206
8762
6371
9147
12214
10309
4398
13219
11420
15173
17383
16385
10399
7449
10806
15149
7438
6771
6713
18785
17853
6583
2774
15162
7114
1238
442
4123
8197
5069
13998
4123
13831
4089
13270
9765
14399
1389
2983
9539
16562
365
5923
10681
11535
449
5830
18973
7220
16264
17757
5072
2846
4252
3954
13681
5490
4397
17805
17408
9466
15523
1531
7017
19613
18522
16782
17732
3631
3485
7270
3913
3850
16914
14595
19107
1084
424
18079
12025
16688
19557
818
3254
3808
4772
16936
13019
9169
14740
14148
2355
10262
19400
13093
13595
17921
13595
15047
5273
17080
2316
9186
4651
2951
3780
3757
4035
7925
1835
16060
8333
1391
598
11588
8920
5371
8523
5660
18261
6983
19808
616
965
19207
17430
14561
847
11025
9607
6120
11825
15645
15307
16476
2316
2807
3953
6351
10733
5789
6131
19066
10901
6730
14374
3542
15822
2896
9202
14082
9879
9009
18419
10845
11936
15849
9126
12783
10594
2453
18904
2418
1818
17931
2615
4134
4458
6568
14206
15191
16078
337
17978
6979
10788
16072
14242
6609
18969
3443
4411
12568
12452
2830
7133
4387
18679
19980
890
12993
2433
3514
15411
4251
1444
1746
12107
9624
12036
6312
4814
8113
10370
6512
18813
4878
2584
13054
11487
5273
217
19620
1561
12669
2449
8695
776
1127
8674
1667
14120
14828
8902
13251
19080
10347
18719
11186
3691
10754
1218
8505
2587
11589
18739
5121
16467
5043
1895
11675
14037
2113
11294
15598
18503
13743
4292
3000
18591
16688
8388
16431
11515
17290
13402
14315
11357
12120
9221
15048
6594
10440
7274
12903
2028
9733
1744
2215
14776
3639
17611
12533
9473
8904
8130
11697
6367
16144
14697
8678
12831
6805
5108
4345
4094
2231
18661
19173
14351
7881
14220
4666
2041
5214
17569
7790
14947
3033
13727
13443
6672
11337
5975
19867
3962
14106
11563
14050
10249
9980
2728
6800
16785
11557
11145
4599
13788
13526
7492
11860
5128
1712
16526
10890
10647
17815
18681
5594
847
12407
2757
11240
3743
8733
14827
11426
6559
10110
5476
528
89
11925
7328
594
3481
2193
8915
990
19441
16407
12850
8289
1839
13096
19179
12487
14631
17859
1801
15478
13986
4558
10438
1450
17012
5265
12876
3570
15375
18352
4098
19186
10276
15147
3500
17479
17341
12415
18469
16781
8822
15039
5069
10661
8134
4247
6868
2764
5827
8669
1962
3533
13228
16121
4983
10239
5106
17860
13810
481
19932
1628
3387
13929
16776
6887
15128
14116
19303
13596
14617
11845
8634
3406
2505
488
11374
9374
3252
921
1763
8935
4455
14991
5055
9438
5230
10162
11018
2760
14364
14671
8109
17751
12320
4884
8358
7447
2720
7660
4763
1057
3225
13397
4463
5731
17606
15838
18826
4578
16759
588
13513
1213
19301
2288
14373
8251
12450
5390
14732
10534
3781
2840
12005
16101
11446
363
3547
17887
11744
8310
18945
14970
5427
7128
4421
3032
6686
6967
7610
3445
11276
4843
8379
10576
7132
6472
18827
3302
15584
13558
17558
19365
119
9562
15466
11565
13646
2733
9451
5390
11044
12116
4080
191
19245
12222
6945
5930
19189
18276
13096
14185
3119
5196
4761
13972
11668
7308
17274
10972
4587
18552
10337
8427
8114
9523
19992
5480
15977
13163
14591
10741
9000
18671
10933
11965
14613
17878
17895
17522
16153
14712
11707
2992
3628
188
16964
19017
7496
17959
9989
15804
16510
4046
4230
8344
17290
7942
13825
13266
4826
12136
4007
13826
10807
14940
5790
9140
16538
7405
6662
16411
5837
18369
19404
9465
2277
87
8482
9773
1766
18471
9298
18277
6237
17249
10341
3526
5191
7886
16792
10017
22
798
7563
14550
19459
17074
3689
19717
4478
10351
16128
10316
12440
19252
3501
14717
3059
11983
8211
4826
14174
1229
3102
410
18478
17164
3936
7389
5050
4449
1126
5072
5247
8689
19622
8427
9483
7031
8143
13962
1103
7991
7998
17264
7242
15220
15702
10302
7203
3912
18849
5097
8862
1950
5508
11060
2834
13165
18450
7884
17614
19576
16677
6582
11986
16298
15009
1468
7050
6872
19151
8153
14864
10869
5416
5826
6089
1117
16128
17013
8750
18697
2109
17612
4367
7617
8672
7202
4503
10842
15086
5837
10417
15484
12419
2402
15502
11148
7592
2551
18021
6742
10704
12884
17612
16121
2430
3700
958
2279
4433
9709
975
6542
11041
5343
17881
3433
12545
2383
14275
11351
8220
4692
6834
4360
10815
2336
15508
18407
4887
17249
5149
15592
13853
6481
15433
16284
13902
16391
18563
18335
9820
19538
4876
861
4880
6477
4294
17425
12581
2290
12497
801
6982
19331
8882
1517
1666
8110
19925
10275
5359
8794
9587
19212
15275
5019
19216
9176
5130
17778
11231
18672
1036
16107
3253
5916
6305
7547
7062
18886
13558
19559
19687
539
2609
12289
2057
4276
399
5702
18272
9479
14496
7858
8690
13491
16598
11627
2666
5448
9404
17618
4119
10440
17445
7372
77
3749
18641
7139
2635
12198
10418
6042
16459
13027
18332
2236
1023
2451
7938
19295
11930
2433
10873
4340
19645
7470
15967
6031
12919
5371
3648
758
19532
1092
8131
19609
4842
10492
10468
7477
6410
885
13519
2868
17634
11850
5104
18657
14301
13042
1672
9951
19196
12545
14292
18840
3736
10258
4870
16655
19350
8518
17413
18882
13332
9264
2210
18174
19756
12679
5650
6166
17285
2889
12755
14918
14740
17860
17296
12761
14622
18968
2712
17539
15233
724
98
18969
10982
4969
19344
10332
17208
477
9213
10539
9741
11423
12433
13218
7822
18083
3104
5107
972
15859
3745
19433
17439
1040
15914
15782
3728
2346
13320
2682
3070
13418
1650
17774
2107
4715
8105
3036
5192
1038
17296
14933
16182
9729
11871
4004
7811
14975
12832
12504
14555
16577
15657
15714
1338
11571
11495
8787
17638
8535
11469
708
1953
16841
2202
7781
1555
10307
10817
6747
15066
8113
1679
11247
17842
17272
18972
9373
12246
15524
5598
10521
15822
1254
6235
17160
16546
1450
5946
14184
9986
1136
18613
15660
17977
814
3440
19532
14842
14258
6278
9907
6091
11678
1153
7653
8949
3846
746
4916
19370
6344
15437
15191
11320
5392
16071
7865
6843
5738
5769
549
6874
8102
16209
4850
8916
3369
8102
7478
1347
14380
17385
7438
9778
2259
15091
2448
6105
15838
7364
9195
5902
6521
8107
17222
15635
4177
5087
6198
9915
14577
6747
16789
2679
6676
5359
15316
10045
13461
2794
11393
11561
178
18831
1339
2437
17643
3787
12263
17201
14872
5179
3102
1392
13286
4045
747
17463
12853
6945
7378
7429
13692
7887
10108
367
13247
5424
10413
6707
8218
5526
18269
12117
4356
3328
18276
5719
7115
14259
2919
5707
19438
9743
10820
12723
17509
11568
13907
10361
18513
5005
1510
15926
12892
11619
13
9859
763
14147
16567
12702
19673
18556
8539
4029
5604
6814
13469
16440
1073
109
2146
510
9852
12966
16955
11081
4533
10861
1441
3046
15866
2951
18972
8757
18291
2705
2337
2774
16853
2624
19197
16525
1179
7736
553
6783
14550
17744
3222
19344
17853
9089
3575
11425
2054
529
2505
6588
11390
7667
13355
10976
14339
16047
3453
16351
18752
5790
19125
15604
8414
2042
12129
13314
9778
16403
3817
8048
14146
10760
11113
11998
19849
14688
7143
1903
15217
9648
12212
10327
1035
5566
1302
15375
5333
4755
11725
4084
14267
10849
19689
2680
12891
15538
15995
6389
15661
19812
18159
9807
10572
9271
5525
10420
3958
16390
16044
2895
6037
8255
16943
7073
17542
18245
2447
2874
6720
17893
10680
986
12462
14089
3667
9074
9626
3382
15463
5286
3193
17342
18814
17486
6612
8060
11627
14291
4449
7670
17186
14207
19647
14128
1279
17188
16093
7447
3783
6534
9060
14463
7520
1522
8551
14908
10596
1897
2010
6058
7183
5204
3400
9718
6410
13733
17778
18037
8024
5947
9428
8930
153
9074
6779
5154
9982
2871
16322
13765
9405
5382
11948
646
6904
498
19275
17500
2395
1285
7278
13300
10210
14399
6738
340
8132
8236
18378
19877
14183
7805
8806
18057
599
15585
3210
10581
2177
3253
8067
15303
8635
14
19670
19260
4234
2665
479
6629
7671
7757
3649
17881
2156
10387
18221
14009
18623
318
13885
16526
11844
6411
14583
16164
5717
1513
10466
11615
4766
18533
6917
13401
2267
10308
16381
6501
12973
16860
16852
643
4617
4221
2244
10494
18330
4185
8223
672
8225
2107
17199
68
12239
15502
19954
17956
17015
10419
9570
1781
12672
208
18903
14939
14237
15284
5161
10930
12143
2012
11573
480
9954
17538
14695
8283
5443
2917
8956
13668
8745
9875
17458
984
5376
17411
2660
2390
7829
12231
4171
500
16160
6795
15439
10396
2078
4320
5046
17942
6332
339
2143
7
17877
16838
8290
3319
3476
17246
16988
12221
7120
14445
13205
16217
11855
15866
18608
3404
11817
6499
3904
11697
13294
3063
5813
15372
7384
10859
17035
17437
11198
19178
17444
9074
19736
9455
16114
3211
10421
16822
15433
1262
14987
12358
17479
6841
11944
16086
13966
3760
2585
1590
19178
15879
4654
4990
14972
15759
15849
12006
13195
7046
14904
14360
19841
14639
3814
19676
17851
14235
16497
17004
15497
11484
9361
12976
2045
1305
12782
16012
8786
15367
17602
11685
11246
5976
16675
9938
1734
16245
1943
18651
7011
16847
13010
10573
11485
544
10248
13056
18500
6744
10059
13997
18228
19421
10693
3994
4446
3474
3726
16953
18842
1327
8637
13808
11025
9033
7466
16480
5277
9409
15130
12288
9976
11860
2860
5181
16125
13108
18238
14625
3573
12017
8621
5521
15158
3034
9515
19604
6508
13241
277
9070
18290
8914
6598
9314
1667
14064
5793
6944
7193
4644
2953
17169
224
5813
2350
16350
2642
4308
10974
9936
16325
19595
15457
11483
6349
8693
14807
12857
5654
15084
5648
3943
7719
12246
16978
9386
10031
6492
51
17224
14857
3004
18114
15081
12538
4184
11430
18901
8492
2403
8836
8537
5718
8014
19
12067
16707
18548
8645
6081
13631
14293
13746
5070
10259
14444
18178
289
935
1949
1234
19513
4953
19348
14594
1211
3531
6023
3833
15744
12148
12669
4280
17866
4403
8021
13654
4830
6568
2298
10912
3919
16591
4657
8990
10570
19101
10888
10860
3757
12837
15815
6990
1510
15162
1583
6442
2413
11328
10275
18157
3475
6665
6157
5061
11068
14178
18715
15899
745
1012
6810
4665
1323
15188
17376
15615
18009
11984
10195
5486
4820
6009
12477
10051
4891
14060
16493
7304
9108
6768
9181
12583
13433
15338
17645
8221
13237
79
4119
13982
4813
14650
2367
9857
13558
19743
5471
11567
11726
15666
17053
266
5395
13250
10317
10286
11031
10531
1310
138
1019
14212
12722
18173
13271
14087
6393
6507
17887
14234
4209
2699
8883
6577
12557
6162
10040
18028
17729
1766
17415
18502
5753
2809
11752
19792
13096
6503
14043
18127
6641
15062
12339
3083
16955
5609
17170
7068
12116
15057
1301
16325
1476
13906
6622
14033
67
16663
15782
1516
2149
13196
17
7902
19726
15490
7693
16542
1992
1735
14669
8634
517
10728
15438
17472
16337
12608
4540
12173
11385
9562
12218
12861
7188
18841
10615
7255
19224
10117
8771
1372
7033
12510
9274
6758
11720
688
3300
17434
6144
1689
9788
6662
12417
5225
7854
12474
1553
16115
8367
12938
5677
584
9520
12865
3145
134
3841
2368
10251
16333
7461
17284
12563
16736
7762
4283
1144
14783
1716
7288
192
15225
13950
16330
449
5525
8803
2003
1639
890
18662
11037
5196
8181
7623
8341
12036
15185
14431
6007
11517
1891
7011
4080
2347
14774
12084
3491
13277
17521
10780
13470
12745
8450
9799
13194
13975
2323
18918
19336
3213
17580
10372
8409
5760
1715
471
17797
16900
18623
7524
8417
4234
14536
16218
6582
13030
8301
13794
6306
5821
8294
3496
2286
16745
13296
15480
14440
19340
14398
17496
2552
11977
7868
14683
1457
13304
18875
2974
10204
1217
10499
2341
5451
8755
18559
15754
1784
10580
9548
11811
121
17842
15308
2407
18307
12324
1607
16468
11663
16005
13963
17936
11702
5551
16339
13160
18856
15213
19855
9059
16430
10353
15121
5602
19108
13679
1355
4612
7979
14624
144
8100
16187
15452
10507
14493
11496
12114
14681
6879
11840
8644
4814
7262
14195
4874
4142
16771
86
3997
9550
237
18071
4670
9560
17179
18349
10915
5511
10048
5539
5655
18148
1725
4827
8654
19939
16323
4489
14620
6922
49
6984
11737
7311
4899
16611
11454
1670
417
15451
11220
4375
13521
15891
13935
14420
17960
8571
3652
8008
17831
13028
9876
3276
17856
18531
3214
17899
6740
1554
4821
6789
12259
278
17821
17159
609
9274
18829
4747
8445
13769
12844
5687
13380
6778
3827
15061
19070
7479
3068
16900
507
12944
3896
2083
15195
10832
3702
5655
12386
8523
16165
8366
12522
13986
5524
13131
3259
8073
1599
15426
1841
14443
4833
18943
4941
8660
14003
4011
19861
791
4631
4088
17456
8528
6171
16372
19360
13594
2026
15466
5838
18192
3831
18360
15898
13076
15212
2877
1148
16811
18303
6711
14974
3135
5653
19915
11796
3376
7646
15377
4167
12278
19465
5343
4526
9356
1714
7606
2949
7462
6792
8787
5653
14345
10868
1550
7420
6079
4427
8569
6610
6451
19001
1583
13307
8374
5218
5102
11750
12865
4199
19638
8863
3663
4980
17110
13019
10416
4715
19690
17878
15228
8476
7251
9572
19344
8801
16993
9143
16949
9282
15753
7120
12003
1056
427
376
6275
9250
15847
19140
13450
19205
8002
17113
4184
5111
13853
18321
13547
13542
16198
8774
5738
3448
2067
5082
15970
2780
14225
16640
12062
13699
3759
7785
14755
4186
8161
1029
13437
7728
3889
10607
6932
11891
11440
14837
722
5292
13158
17990
2554
9355
10485
8293
12804
12552
17096
8773
15332
15041
5412
11114
8739
12893
18899
7215
17079
10780
8244
14236
18508
12134
4842
5439
7745
3
275
12189
9016
17154
10178
11571
6509
4383
3584
3033
16935
4400
11806
15987
19441
939
7100
11901
13832
5998
19116
14631
498
7359
8867
19006
3213
17430
8165
14680
17433
8441
6868
6449
5594
766
1740
15824
5150
9045
18857
2084
13445
14384
18072
12885
15323
8892
4785
12875
18612
3900
11226
19110
14981
3813
18116
18194
1243
10001
12873
2396
2162
3461
12566
7757
4228
18027
7301
9378
7071
6158
11462
515
4262
13254
13401
3305
5867
1906
16180
4478
5807
7405
3587
4508
11219
5423
6422
16183
15425
19296
2299
17587
2756
14866
9064
10705
12892
86
82
3684
6244
15266
4199
14227
8519
1320
17532
14386
3227
17432
2584
12755
8557
6172
17263
19776
15316
3684
19679
14461
6700
1978
12048
13178
564
4832
3882
17177
4918
3965
860
14883
19231
8781
9109
11470
10101
10361
9577
17049
7792
12161
13524
16350
2053
10786
19846
1090
18192
19525
15551
8612
5223
11319
5510
9508
16152
9393
10405
4790
17079
14987
3394
29
3767
16224
15220
17589
6585
4796
14638
14377
678
8161
10726
6452
2668
10572
7542
4580
13817
6814
16913
2760
18133
2423
12268
18005
11816
6393
6516
12615
1379
9910
12644
5146
6133
7863
6456
12718
16381
1093
10816
779
12975
1541
7231
19364
15834
18495
3943
9650
5308
856
12410
7161
3279
8398
5166
18816
14792
15403
11430
16171
5312
7794
5038
15166
19378
11494
11605
15758
16308
2420
257
9282
3961
11210
8646
19796
9704
16310
13166
18733
886
5576
5893
7886
17695
14780
6701
12486
10182
1851
12378
19215
13366
17416
14381
12744
12630
5985
12222
8937
8405
12480
1939
16087
3689
14306
19603
17114
14337
12769
15846
15223
2065
1738
3109
19760
239
13531
15967
10421
19104
12065
13357
12469
9480
7737
5212
5830
17443
1155
14767
9568
13635
426
9375
1044
14733
8978
18158
9069
1746
14003
8012
7532
19462
11121
11012
19701
8373
10699
13843
11197
2763
7199
3665
12243
18657
12599
18073
16099
17475
16560
9387
11109
16987
18762
15874
15440
7739
14031
4508
13206
11754
12520
4458
11215
7362
15471
14637
19456
6169
8479
10652
8933
15678
18038
4896
14334
14357
6690
14153
11831
6970
3539
6660
3956
2300
2533
19396
13761
284
7624
10687
12038
3865
15146
6974
14948
10616
1610
18124
505
13810
12496
9438
13208
10533
18056
7541
4890
4745
5414
441
11715
8953
7102
19393
14974
9635
2508
12455
13641
13854
3142
5678
1439
18288
16373
16387
12624
1703
14510
13129
15513
10726
2567
8720
1258
4343
19982
9869
9088
9116
10311
4523
1789
1133
7636
16764
10768
10145
12939
8129
3998
16081
13808
5437
18089
13901
5544
10712
15605
3774
3841
14838
14500
10129
7279
19479
14472
7260
9348
7280
97
3379
11803
1886
4512
3160
2370
19001
13305
15310
7130
1023
15111
4658
10181
13200
18559
19446
3911
17884
3219
11473
12722
1439
1601
0
4638
16073
10981
13986
7073
11078
1085
2597
16686
9318
5757
19056
8319
19062
18086
19170
3805
13197
7548
17707
10117
9827
17152
14028
7711
4091
5501
432
9251
10823
4153
13889
10617
15134
11596
17690
9933
12681
286
6618
1999
6043
9394
14039
8825
7480
16929
12630
4397
4476
10336
14514
14303
7487
12262
5734
15299
1483
6166
4549
12307
14040
18439
2923
12895
10034
612
2827
2714
899
13166
8434
10663
2559
6193
19489
13760
3121
12118
18157
11318
2454
16391
5621
13662
12374
11355
8961
13857
1242
13510
9884
19003
15669
12807
11897
5702
17141
14724
12138
1760
11610
571
12423
17891
6765
11911
11650
13607
4029
13528
4925
10204
13639
14267
7586
6012
9342
267
19870
10584
17499
9753
13308
13167
6281
5204
18870
7142
3649
11007
8902
15259
15299
1324
13149
5784
16957
8520
19392
985
5768
4316
14910
19407
18583
6216
9140
7924
6484
12730
2229
7703
6203
15537
869
12484
740
3459
19626
8110
18187
12248
3369
13486
13573
238
19270
10529
12479
18661
15235
18247
6697
13865
1374
5279
80
10514
16925
10285
3243
19154
17988
9446
18411
2578
5651
2871
6037
8997
10982
7945
1245
18072
1430
18539
2030
4420
9067
14510
6802
8022
12756
13499
5607
14130
2499
9408
8364
19424
3414
11607
2297
5122
4774
4428
7700
10425
11020
17459
19422
2001
5403
666
3793
10554
19205
5824
14974
11992
333
1775
3734
16810
18996
9341
10940
1494
2470
19304
4638
5884
14632
10656
11006
19406
15084
2427
9830
6103
19886
9251
11826
9009
13639
15619
19563
16564
5163
14536
12277
5496
32
16011
6027
19028
9073
16967
4242
11543
19991
8880
1147
14622
3256
12153
17748
18340
14580
7577
8163
18186
549
19989
7194
17909
19329
10477
14472
4491
5013
6748
13709
8766
6480
19736
11514
19274
422
15756
10816
4133
8356
15684
2476
11612
7836
223
13672
6137
11522
1834
8043
12071
1823
18959
13700
4872
9435
8171
13084
18169
18641
10513
6934
8841
13969
18448
8114
18112
17924
2650
2245
6279
18334
4721
1611
9890
8665
15283
19748
186
17118
7791
15978
2661
6749
9677
7533
19905
1569
4337
18074
3930
14851
5007
12771
8819
7176
4605
6931
8820
7255
12897
18821
9309
17618
431
2919
10003
15715
2667
10190
16553
14179
6167
19214
4648
15845
10467
4552
1134
14804
2625
5064
13375
11354
17835
5915
18530
6160
16567
11070
17136
9463
9890
6444
10801
10322
9363
803
9757
15751
10993
6309
9929
881
9243
14577
446
19710
19130
1580
18234
5475
6644
11609
16829
8199
1244
19079
14359
17811
10149
11494
7273
38
1658
18074
14081
11021
2597
3837
10493
13591
10146
421
18193
3109
18720
18639
2818
1569
218
4773
7044
6862
102
3873
15061
1346
6672
13140
19157
16821
4633
10150
580
10012
11944
14661
4753
14541
2219
15246
11852
16086
19389
10044
19196
18108
8682
5734
3397
8900
10507
10441
19483
14330
18035
18264
19397
4707
11403
18553
5248
19757
12423
9549
9768
4366
4210
14522
18908
10150
13488
10759
6235
12876
4524
5430
14704
13206
11165
18101
5827
5392
12263
9030
19723
10297
7294
19119
18725
2417
1392
7694
5895
13815
17243
19384
1902
5173
17626
4530
15323
11114
19010
1558
7710
3533
10709
2414
460
1873
514
6287
7266
12777
19038
10709
6795
6331
9827
9240
12470
14940
16934
18365
12476
17898
1468
14378
6791
19095
18908
5835
13929
17917
7393
1638
1450
1822
4052
5631
3696
8288
11918
14683
4785
10955
5391
11580
1007
15218
820
17198
13879
1474
15562
6354
3092
750
731
9884
3565
3359
15719
17494
1275
6832
19133
6446
8654
6905
12077
16071
15193
7715
10753
19979
2391
16144
11558
7119
15083
16099
4316
8961
1294
3598
15315
4386
4348
19767
17991
7914
3125
17430
5407
4400
7982
8260
14568
16637
15166
10365
16428
10358
18081
7181
10336
4192
7045
5615
11311
2127
5434
15627
11088
6728
19225
10123
14836
3572
9889
12826
15207
13014
10256
614
1135
18238
12595
19424
18595
7760
9788
15023
18119
11589
5924
12175
15781
12969
1510
7091
18818
6945
2717
13626
17394
5662
3749
12229
12956
17359
5055
8162
10373
15311
12497
15229
17269
5092
14652
15864
12852
4439
14607
14691
16029
4251
10587
15530
17220
12097
2621
16037
2762
9059
13384
156
14722
17133
12385
7677
18212
17440
15839
12305
16471
12057
7533
13740
17149
5905
13324
13721
10345
11651
8412
10094
15902
2719
5623
16842
14816
11965
16600
17579
1024
9983
17735
15746
10836
10119
7143
9047
11280
6702
1352
7750
18759
12606
5210
15907
18512
2254
9628
12577
13905
1760
2670
13527
4479
12014
10369
3015
3979
10689
593
5003
671
2048
4469
11507
12168
15333
4274
3447
2034
9347
14918
793
1953
128
420
464
6103
13769
13041
3729
15529
19432
17256
3728
15166
11345
6744
19145
2033
11058
7868
2704
13107
16058
17932
8995
11390
5927
16163
17146
15274
11080
17939
947
14929
2079
5132
4753
15849
1893
8482
15098
1324
5737
18827
16491
803
9291
19356
2836
348
10945
9262
17176
7002
10914
6170
2113
16841
2332
19259
15836
17134
917
503
15783
2996
5636
535
2565
7529
9017
17664
12575
18476
210
12786
19279
9501
15862
2114
13570
6806
15097
10746
13809
6011
636
15922
6572
2969
18901
6128
3823
19818
6632
19606
6534
12268
141
9100
3517
12879
10484
16092
11354
10694
12598
10632
3915
8460
16468
1205
15266
11564
11951
12795
1295
12588
12437
7868
19278
15058
13996
6821
14875
627
6426
5130
16616
10288
14230
133
3167
8434
19946
18242
19128
16265
12595
6763
4724
9062
7968
3710
4346
3640
226
5642
19949
16384
17231
2946
11442
11226
9767
6316
15575
16193
15167
12190
6481
13117
16044
13369
1550
19711
11610
4398
15975
7925
11161
4419
16987
2850
11850
5054
6490
12076
10696
10159
8460
7926
13105
19902
2872
2871
9938
2167
19064
5105
18079
9265
18222
17843
6354
3493
17553
1685
7891
13527
9610
19053
1666
10318
5623
13517
15372
12113
5592
9788
5992
17773
1434
19097
1394
8027
1967
11333
10195
4751
158
8273
14017
2100
6115
4091
5593
7389
9497
17206
4636
19108
19979
6303
13146
5601
19820
8517
1434
9132
2025
7426
10626
3459
6522
12020
11486
8489
7073
1680
16961
7231
13674
14698
13053
3510
18790
2366
10899
8286
19572
15535
11114
19550
1837
4259
5150
5377
12776
10305
18231
18522
17731
8856
1980
7973
875
13467
182
7949
18868
17144
18901
16263
11841
11953
19773
14351
14320
14392
6358
17612
9926
17472
17162
15485
1731
6032
861
18228
16338
2812
16750
17789
11668
2450
5762
16265
19638
5944
4213
2226
6808
6834
18489
18650
18788
1981
16721
16828
16373
3078
14439
6298
550
15321
5503
6002
1353
10086
4229
1411
12898
4699
19200
4566
7150
4961
830
6787
14627
8764
9013
1434
15598
11222
3804
18106
13203
525
14933
13296
3603
13093
3315
7874
8413
8818
13876
13487
18904
1826
14898
15523
6525
14098
88
17396
2779
4639
7904
1126
17124
637
2561
12721
11860
10086
10827
8783
14332
9480
2079
17936
6293
5394
5809
14707
17933
3406
11914
557
5232
6812
16080
15478
909
16168
12874
7409
4527
4498
8536
1650
5135
14818
18092
16995
4903
12639
9499
19236
5840
15299
891
12133
4413
10421
10560
2345
13827
2474
2902
19059
9286
18982
18258
13916
18870
11131
1324
7117
15629
13581
12488
4484
8398
10580
5200
17023
6939
14699
16258
12779
9997
869
4912
14410
11290
19193
475
5117
1666
3378
7896
14673
6080
9874
12309
8671
1004
17355
19509
353
10935
11997
4838
3054
6297
10038
76
13236
8457
54
6015
18454
923
14648
16584
12213
17561
17059
1050
19228
4157
12668
17621
13959
2541
9930
6350
7267
11005
5858
7620
1939
1575
16179
4993
7872
9937
8790
4829
18394
8844
10844
567
9767
9212
17151
1980
6772
17931
6751
9720
5808
19419
11062
19767
5681
991
9837
12948
11996
19417
4288
17656
991
467
6370
12585
14125
15160
17414
12519
4004
11978
13086
17492
4910
13958
3192
11682
11888
9944
5123
1416
13083
16185
4904
18764
896
14741
11711
16613
14157
19721
17989
18870
3908
4358
11454
18033
3239
12588
10551
7243
4565
7358
4734
9475
1315
7927
4877
16924
1591
10000
2060
14674
9905
6964
17159
14522
1705
12590
11134
19583
12310
9123
18452
16218
17202
9905
14251
440
2492
8522
11404
10778
15880
19860
252
915
7786
5130
1559
13098
18851
3620
7771
12477
10584
8650
6998
16010
1240
18133
15593
13550
10976
14044
9768
8177
7670
7739
12339
13883
16261
3742
4661
15862
3601
8634
497
15108
17485
5778
11926
16336
13119
3418
8812
7423
12068
15810
3433
13308
17663
19026
6858
12359
16790
346
4257
8180
11806
16596
2063
11787
4058
6724
11369
11381
19079
11867
10209
16564
1365
2135
16620
14484
5553
9152
1906
17621
4961
5339
14650
6345
8085
5228
18704
8596
5574
2960
16776
1100
3276
18839
12887
7335
9283
4256
18716
8362
19844
8924
8646
1208
14780
5265
15692
332
14417
1318
1674
3098
6658
16324
9443
18464
1551
11868
7059
10846
14828
3835
11946
18105
6394
8553
9160
15678
16530
7875
7760
16373
519
16406
1301
15300
1670
713
19353
19808
2032
1026
2905
12411
1070
16070
14595
2621
7937
1654
17188
6485
9210
12854
8310
15604
1407
17470
15002
1657
9065
2761
1751
9585
2887
3052
8605
4557
3766
7957
8085
9519
12705
10991
1929
13775
10781
244
117
18718
1898
1025
8923
14829
13880
17234
10433
19008
18424
9155
664
7489
11917
2415
794
14804
9189
9399
3082
16676
1076
11167
6194
13781
5878
11844
11277
16659
12088
15115
19097
17708
16140
11741
12536
10019
12695
6689
12747
11118
15845
17133
2327
11482
19548
3121
10006
12457
16241
16809
9132
17318
11697
15326
14819
17575
10890
9816
17955
2978
4930
771
685
1070
12512
16942
14810
8927
3631
11278
45
3196
8410
6093
14678
11678
9215
4683
4135
9176
1492
16988
10214
13189
12314
5033
14484
3203
14849
16159
9902
3500
16931
14308
8291
13163
11250
3100
2090
14881
18099
5856
18077
6508
11949
16475
1907
4884
1157
6042
14061
6370
3029
4274
3279
19064
13028
17764
5988
11598
13922
19611
15098
14573
13919
3388
7736
5168
10209
13547
3769
8308
19403
1845
14816
11351
18320
16723
16236
3197
6485
14017
13289
13236
18291
16568
16020
15040
18052
2007
6637
15695
1618
1734
13988
19258
8843
1723
4425
19052
15270
8194
7359
18393
13760
5896
9744
15800
6339
9700
2717
16546
3716
16006
9781
5727
16295
9521
766
18067
11529
7403
13761
16868
12858
7749
19846
1700
13193
4270
752
12184
16185
11832
10576
13665
1448
4040
13185
11509
13740
15902
8054
1176
15629
1555
6904
11923
11076
7670
13710
6325
15074
7471
6913
11652
18941
6758
13353
15854
14749
17826
8037
14654
9657
2334
12039
11106
6374
5223
6335
3835
4846
14389
5011
474
19665
11915
16118
10740
3306
9827
786
2100
1018
7699
13752
3679
18179
7104
19534
12927
4929
11291
11302
18308
13625
3340
13134
3720
12285
19469
11276
17131
17578
16287
1325
17242
11923
1163
7981
15229
14711
12488
17329
19451
187
14801
3129
2086
5626
6383
18734
10555
17675
10035
12583
15020
17097
5716
18740
9381
8905
10015
10232
6482
10023
15278
3723
1945
161
15426
894
14872
11634
1943
18043
15542
16744
1172
17628
2369
11276
16362
16646
8950
10117
12949
3970
7213
2386
6430
314
11291
166
10546
1494
10189
9544
8938
15855
9705
8084
16749
8298
19719
2412
6340
15260
19156
11233
12888
5246
2509
12970
5612
11459
3086
18561
19150
14021
946
5580
14335
15959
5746
8602
17453
19656
18146
6390
15510
11572
14475
15979
19870
17914
18391
6209
13173
1266
17443
9781
10233
3672
6471
15845
15131
13279
18127
18002
7299
19073
7302
5354
15031
16769
17677
16204
16424
19544
6315
15654
11115
789
11632
10984
2423
13743
913
15596
15009
18356
9098
5242
2027
15569
4807
879
8847
2933
2601
19867
2006
9903
5221
757
6671
2897
682
6815
2440
6997
2468
17276
11507
17821
8259
13930
11563
9173
13246
6571
11249
2343
15534
16998
1633
341
17877
14201
3274
477
14068
9001
14101
3009
13480
771
5906
14162
7586
12068
4879
13775
9343
16386
11595
1323
10315
3157
10496
3560
13449
5465
9625
8983
2462
11258
13045
4059
5458
39
4536
3246
9041
2357
6255
6241
3128
15883
4123
14435
7950
9002
8209
1013
9108
3524
2336
19423
10402
16553
6703
3851
2018
16328
16555
4480
11306
9599
8540
485
9638
16797
3731
2399
19155
13708
12361
6003
9590
16484
4159
1260
9206
12368
2273
18314
19614
8331
1456
10015
4883
8160
13866
6901
8208
14141
15103
3235
3739
7363
7441
17099
4159
14893
19498
7034
8600
11859
13038
18190
12063
17197
3170
4990
13285
5444
3303
16619
13775
8481
6634
2378
16641
4220
13001
8569
18362
8103
15525
5821
19187
2965
2919
3345
17859
6138
14101
6458
1717
10859
8369
13780
8055
11539
18770
5060
703
5794
1679
18199
17996
12034
577
18357
19975
17299
6925
2056
5401
2450
7878
8308
5415
10797
15374
6994
16935
9474
17174
2372
332
5542
16153
12108
801
18643
889
5226
8157
6289
3424
6152
18323
7722
4508
18297
5020
15155
4074
14142
1325
11952
2449
6740
6469
17824
17456
7125
11018
14629
9497
11351
3891
9370
3458
4692
8013
8068
9918
19891
14357
17064
9764
12679
4785
14272
14697
13527
13147
18771
7668
14472
14443
13839
1212
911
11662
2388
11757
2679
17017
1254
17751
907
10624
4930
9320
2357
12998
19239
2248
7355
22
12012
3754
4807
10004
2171
18334
3151
4662
9723
17623
19105
3561
2555
3737
18944
4943
15494
1622
5680
16748
3094
6587
11093
8024
15908
13450
1021
18867
19419
12097
18889
15151
15852
7416
5155
18023
9471
12027
2685
19194
13370
5510
6475
15926
9247
5418
4589
4741
10761
10270
5209
13855
577
16302
5599
205
13473
10342
2792
12891
2438
5401
11763
2010
16539
638
3754
6009
12665
6439
8923
6034
15670
15398
5680
4917
815
13991
9658
15297
7981
18588
12873
12279
14890
18472
16206
12083
8813
18998
4973
11252
8120
456
16983
4658
1094
736
10667
13759
7175
3310
3514
2845
18708
12915
11483
3243
10626
4861
18540
18607
3448
11412
14607
2058
13605
10812
14141
2417
9809
2835
17390
17929
3291
14373
6307
4386
15109
16974
1865
6005
283
9100
12571
2711
5736
4053
9675
16362
8914
8215
18690
16083
3347
13296
18142
672
7828
16003
3090
17637
18838
4200
19287
2129
18573
9314
10236
17403
10009
15822
3407
10292
4922
19699
16725
14379
3751
6399
10740
16386
18335
13150
16189
5403
10166
14330
6075
17994
10333
12886
19352
12891
17087
2358
18741
19380
11672
8976
16782
1680
4798
3909
15694
13441
3607
12418
7819
11079
2537
2279
11185
872
15430
7374
9996
9316
5424
19792
7310
19478
12678
6661
12369
13485
12740
14830
12864
4411
3806
13367
9813
12325
17276
9227
5765
4604
5365
17305
19404
7902
19584
10589
12495
18734
1683
2490
8050
7107
2282
15360
6585
18681
5741
2674
12165
18481
17504
8749
6612
5030
2115
145
1075
3112
9372
6840
11437
14737
7865
10840
2639
7449
5149
18855
6182
6832
5066
14232
17661
7348
13312
7966
9749
19053
14361
1913
1253
11864
10662
11587
615
16499
11732
1690
19611
4825
12252
14768
19562
116
5607
5921
11286
14478
4776
17469
1309
13563
15421
2690
910
12454
10656
14380
11506
5016
16293
16481
601
10675
11788
1216
7173
7240
6627
10504
12065
2599
5271
15348
2716
14600
1268
17723
9077
9765
18912
14107
3327
14333
16798
7958
6786
11174
2337
2012
16191
2350
2213
16792
16747
14001
1728
7640
1241
12076
1865
17027
14676
10857
12374
1112
9177
17364
18835
1974
10849
17747
16082
17898
12079
16600
9576
2585
11494
15635
8318
7684
1705
10532
8196
18452
8253
13645
9813
9494
5721
11678
10242
4117
2534
2615
5229
11712
3699
4063
13686
14549
1809
13488
16167
17609
13808
5742
3914
5302
1376
12233
16707
3082
2764
4903
5254
14738
2268
15067
7953
11710
6744
18195
15827
13000
4530
1055
8432
8230
5119
5838
6499
10649
19327
6386
8258
16855
12128
12172
2156
17226
8125
18864
4028
14610
7487
13003
9348
13476
8070
17301
5186
18535
15495
1012
15255
24
5789
3686
11975
14629
9525
2194
5277
12572
8580
17256
9426
4429
13149
15304
5375
1273
17888
13124
15884
5374
6126
5231
2570
17917
6252
7756
16452
1746
12490
11706
5491
1999
19114
1187
16628
12359
7102
5625
4930
19404
2881
18077
3832
19751
13380
12928
1023
11267
6051
627
361
12177
9579
2932
10094
15831
14409
10266
1297
10619
5692
10510
12618
4805
15418
12966
17164
2519
18592
5814
1922
5193
3891
9475
4943
17271
2402
9687
12259
8453
14036
16341
4351
3614
19273
18166
3166
17403
8431
4463
11742
14123
18694
4360
18929
14111
1046
19813
351
19638
5627
2273
8551
9518
15470
17215
10509
17872
10623
2767
10046
4658
19109
18118
11993
2101
16283
15159
3224
4713
3343
14967
2556
2036
3047
1484
19869
4093
5018
219
7452
10645
2492
19724
3883
17962
16939
18113
19555
7561
4601
13321
15940
7430
11438
7932
13252
7720
3091
16477
16154
6434
15164
18710
12191
1931
3915
12059
6024
8933
12278
17197
3298
18492
641
10902
173
17580
9014
19728
8861
13615
16769
4800
1044
8206
16453
14297
19647
19544
14494
19521
9698
13378
18231
1889
15309
5866
17669
5053
14799
13668
2250
1817
12159
2891
16440
16053
4191
5453
19502
16773
2789
16270
5293
7554
8197
1745
5571
7843
1289
3785
7364
10987
17163
9315
16597
12471
15181
17987
17525
13700
11654
3495
19238
7533
6386
15677
3585
14298
4850
3086
11070
11360
19357
16363
18915
11274
18108
8206
19117
3117
11992
10201
17826
9154
3236
18143
1625
18417
16129
2870
15837
7782
6365
15074
19036
16472
14471
2621
10769
19322
9428
5559
10681
12505
5642
13316
3778
7470
1522
6616
10588
17235
16817
8413
6388
53
10276
11734
2190
6405
18325
1748
17908
4689
16822
16944
1160
15014
3285
15650
18056
12713
4929
12457
5218
10571
5773
12717
18042
11016
19333
12350
8250
16150
4483
18359
19924
14759
13814
5834
1163
12138
7582
2792
548
8125
3456
5429
3138
6741
4800
4914
3174
9729
17371
12113
4021
6864
4830
5783
1600
4162
18133
9850
4032
6336
11930
7676
1094
9464
13511
5979
1601
1092
8771
5870
12938
12227
11300
16076
2688
16100
4710
5862
5828
2081
17976
13570
8945
2805
19353
10546
10688
1205
4116
14721
7541
19767
2396
8636
9230
19628
14615
14553
4441
7106
4143
17379
19333
15443
17176
5741
11542
1885
11603
1091
3966
9578
14661
16633
16104
17735
10899
10513
18940
18736
5233
6481
2223
11350
18838
15174
10978
17173
13447
19140
4278
17591
16518
7331
13033
13693
13072
8296
15579
8395
9387
3265
1694
7768
3618
17798
9223
18238
8310
8163
16974
17264
18365
19197
12335
922
18091
7033
18095
11538
6172
6093
9128
2689
17145
2160
16383
13937
10456
15682
2331
3563
2667
7746
15053
10007
5544
4275
8244
17575
16159
8938
18560
18244
11855
10894
19166
9946
17927
980
1483
4098
10794
10611
10508
11659
16492
10611
5595
10669
10013
11648
17953
12681
19394
13005
2687
8658
1001
14652
9954
17160
3590
8513
19125
15445
3127
18290
9111
1053
2991
10594
8872
13785
4925
19380
5444
1417
9991
14760
15807
3
6407
13759
16405
9522
10485
2812
18180
11486
17465
8133
12366
4775
366
11490
3940
3493
13501
13052
8267
16492
3645
17139
13997
8571
239
3161
13709
10230
17922
9515
13954
8049
3273
14080
17571
13758
16892
19472
8964
18077
7604
1330
6572
11692
16541
10513
15185
10041
3564
3452
10253
10930
4311
4250
3221
4550
7411
16930
18501
9053
10165
16176
17103
17160
10255
14673
14638
10867
14144
3602
12665
5469
8653
19237
881
5193
13470
16066
18956
17034
3238
12929
7964
7550
17179
14906
12100
8311
15557
10601
1084
5721
6776
18187
2880
751
16581
17519
11618
14445
4841
8003
3634
13494
7240
4515
2407
709
4302
1362
1464
11261
14292
13149
18811
15191
8054
14632
7222
3610
8953
12028
9332
19450
10214
15933
200
10515
17172
15539
4960
2012
3542
12315
19227
14503
551
1634
18933
4853
6717
396
16114
4729
13545
18646
3641
5320
13277
14584
8930
2229
6611
1982
5399
546
1636
5599
11061
18808
4858
19742
4541
8400
12057
3767
6623
16329
9122
5556
1181
19561
5952
1015
4289
3218
3381
7930
8538
16658
2514
1188
2607
12846
3171
8006
13392
8528
17326
4453
7335
2184
4194
15597
14305
19972
3085
928
20
15928
6484
1201
15488
16157
5938
19778
19375
9319
11428
7912
9698
17663
9101
16026
10509
15993
7753
3900
4520
8799
12074
15576
14704
19990
14894
9009
3681
17979
13658
3702
13906
3862
8624
9394
18
14562
12892
3114
7602
4319
14747
1020
5703
7568
17046
16212
7281
8519
3832
11801
17319
15907
11098
12022
19617
5991
4751
3297
7690
18409
6999
1595
5991
15624
14710
9731
13906
7601
12845
5228
15642
11312
6248
5065
18881
7015
4997
6161
15534
8829
1683
12852
8456
16502
4874
11793
6213
9625
15091
13903
11755
5810
19219
1466
1433
13929
11197
19061
5250
7762
4288
4612
19075
14258
13398
1675
1272
18395
11557
16806
10945
13240
13379
3121
13462
1973
14915
19675
15319
10005
17298
10794
15815
16517
12261
969
14166
3457
3750
19416
11220
8038
7749
10294
2295
1146
15690
7288
19542
7246
7815
14207
4207
4914
17328
17669
6887
12242
1064
2205
5967
18362
13000
5503
18599
5260
6472
12764
12438
10222
15901
3657
1980
3649
17672
7997
8516
13361
19006
11778
607
6820
5984
8535
11734
7033
6203
2341
19275
10988
4547
8963
9350
1267
14466
7948
10248
937
4433
2685
14880
333
10064
580
7703
7735
8577
19940
4817
7583
11718
9145
18124
1422
17680
9858
8455
3882
12199
11451
18592
466
413
7941
5454
18600
19610
15702
3257
4042
2108
18137
8096
12172
2437
19520
3627
11015
19460
8444
2318
11177
17589
441
16320
18989
14020
8496
6592
9940
3667
5183
14127
4080
13124
19582
6400
16454
19004
9657
4217
4832
11514
16034
17004
13951
15554
4352
4965
15013
12796
11004
9910
14106
15167
6229
13094
9186
18446
19686
2846
2112
4868
16974
9913
1712
275
16313
1887
19279
5969
6104
4111
17483
2137
4835
11434
17691
9187
119
16424
5704
11124
6333
3530
6290
16284
16624
19197
14729
30
2043
562
8619
2737
10475
14053
3012
6788
15940
6011
16478
5764
13843
13961
7901
2399
9115
9313
11586
9234
9457
1010
4078
15791
4540
14089
15795
4885
13286
14244
4915
19050
14806
17255
5507
9002
11307
8519
15790
7246
18251
15988
13010
15815
9948
4632
18214
2783
17666
13520
15739
7122
14531
19817
6633
19071
17627
6148
7676
10912
392
12591
13682
18919
9846
19189
7920
1152
11428
7430
12120
13399
3418
5129
9213
17087
13482
7426
19871
11147
4667
15609
1990
19198
19146
12344
1988
16772
18493
9665
11404
2605
5976
5085
1523
19543
7994
9444
695
3142
16874
16536
16542
4012
1664
5754
1099
18868
16902
969
13735
1568
298
15725
765
19444
8069
6474
16216
10282
19860
7619
12887
5836
16426
18131
5378
8140
7574
9794
11283
8169
6329
11545
12181
11715
17299
17001
14303
14200
1690
8037
19489
1988
3762
253
5153
15552
10449
1368
9554
10308
12708
2440
19865
12854
570
8964
994
11866
18758
15998
3755
8808
7542
19657
4243
8561
16658
18546
2761
2068
6582
2249
4057
14065
6224
9210
9616
393
14299
19170
10701
10727
5330
14287
7302
9622
3250
8296
5208
5728
8014
8963
14536
15556
8619
18779
7837
8997
1044
10598
11066
7627
16569
18844
1691
6513
11774
15029
6906
9793
17919
1327
519
6970
15614
7821
16592
2584
19838
1799
8313
11572
14483
2848
10848
6822
5348
18686
19541
10113
13004
10606
17740
13293
13170
3152
19806
4943
1901
10432
14736
19820
11760
18976
6789
11094
10518
7101
17400
14076
8900
5712
9369
7103
12281
216
13926
1349
18902
13466
11463
15627
7792
12923
8919
961
19796
8725
9625
1696
2877
8081
5237
18358
10777
12026
13173
1294
19128
10572
19092
11748
16284
8460
18852
12285
12397
16498
13635
15020
13684
8818
10646
1475
1740
19565
6157
1536
12010
15782
6953
18609
3862
12190
16966
14639
7937
10138
19655
7064
709
2466
2532
713
14647
5104
12999
7043
1601
10354
2062
15285
19172
16429
480
4632
19715
6637
9889
15445
6139
16843
14053
10001
12753
11019
8361
689
4877
11736
7753
5587
14202
14007
10021
12569
19111
6740
19612
4433
17094
5395
3438
19986
1823
3919
4618
5258
14277
14507
703
416
15070
14756
14138
7823
9495
2498
8512
14373
17955
19987
3680
15877
13993
13701
8445
16824
4162
8057
4977
1255
17173
8416
1241
2716
16056
9580
7975
14053
7807
8678
14469
6598
7154
8607
14421
16650
14826
6653
14743
16502
6639
2143
12378
4352
15844
823
4897
3726
12601
9874
4982
9773
2010
9944
12489
1786
3244
4184
15840
11051
12862
14029
1369
3737
2635
15790
4107
1182
2443
18850
17684
12803
992
10061
876
556
14605
5773
8004
10926
19368
12986
698
5099
6650
16909
10606
9894
1092
6445
4665
17676
4195
6035
5133
10551
5545
9240
11733
11709
11810
13137
4512
16523
6919
5388
799
1523
14882
8803
12450
17970
5509
16869
3068
12159
17498
13675
5773
2311
3840
14160
3707
8035
3915
8840
18587
9460
18080
14040
4890
9889
7177
9402
10132
14096
18511
10931
19340
17113
19735
11789
15082
5243
12379
18151
1123
9876
15546
10617
15908
3106
4776
19615
11142
12412
8454
13449
5593
6533
11209
10483
142
18386
3605
10274
16202
5836
4926
15542
2948
8381
11051
18030
17345
7150
19901
18468
17027
15446
9085
16655
18553
17582
16270
13415
13715
4723
10584
19308
14978
1792
9790
18841
3899
13395
9115
100
19231
17762
19363
5899
6142
14135
3928
3486
1284
7550
1954
2031
2995
14760
18687
5268
16062
14956
2403
9776
3399
12987
9083
18377
18501
2593
17218
2399
19709
10053
6220
18939
7814
9304
4837
13956
3438
12487
1162
4722
36
3116
10475
6752
1596
9161
15742
1379
7837
18145
14876
11236
14853
7680
13334
13353
10273
14272
19473
9982
4324
9413
12641
15859
18717
1199
13535
2154
13686
14697
10598
17443
1534
1072
4194
6851
13954
19936
8230
1790
1801
3106
16747
16654
10786
10080
13727
4779
4351
16920
14761
12396
6332
11123
8254
8770
12322
1788
14645
6007
206
5242
3449
1740
10035
11364
8591
3988
15021
16822
9499
16822
3648
6246
17196
18155
16326
14643
2933
4398
11562
1415
16794
1614
12538
8769
14105
4859
10557
8750
14587
10763
17713
1756
16224
7748
13120
4815
15457
8140
5357
4956
8682
12726
11202
5877
10880
11248
519
17534
15646
15802
18949
16161
1137
15207
4929
15242
65
19207
7712
18373
9970
5425
128
9914
16894
16970
14729
12350
5109
85
1026
13792
12811
15949
3389
7411
7197
3909
4945
6563
3431
7614
2723
4568
2821
7652
19811
6607
6859
7522
4980
549
16668
8829
10463
13561
5798
8913
9632
14629
12719
14379
12141
5530
10328
15530
16662
1245
3159
5327
7808
6591
12942
10532
11159
19484
1904
14690
6090
12484
5933
14791
13033
6321
3620
7217
19883
13139
16130
13235
7767
8848
7613
3628
18099
1661
19159
18482
2906
2317
3808
14436
12629
470
4967
3788
19954
10592
2198
9765
3076
11852
4555
19830
18174
11896
7046
1776
5035
6896
15011
16523
19466
6344
151
17564
8006
3030
16045
14633
9068
3574
9068
1697
4044
17756
9206
3998
8348
11404
13763
15145
6977
2038
14974
5150
13935
5741
6926
2690
16358
5657
2933
15823
12001
3084
17108
3727
9835
16873
18361
18904
446
7428
600
4491
8905
9806
12210
17253
4930
5972
16118
11907
8010
11091
777
5665
552
11424
8355
631
17081
11289
16454
12803
18094
17282
250
7929
14155
2331
10553
14601
13481
11153
2812
2385
4679
15022
3358
9609
993
19476
5237
12725
14287
6014
2110
14840
1159
14187
19192
1960
5475
15645
18484
7289
12927
18735
18939
10802
1065
9491
5402
18267
4364
8215
651
9043
6957
4009
2373
11672
3484
7610
4396
17772
17345
6506
16332
18504
692
19244
464
9888
18609
18948
898
15256
1402
3557
6057
6189
16770
11460
4455
1133
3395
8828
13898
10352
12837
16271
2023
42
3880
10140
1534
1224
367
1586
3449
4780
829
3913
18390
19438
6581
3008
14694
7984
6565
750
14173
3334
15931
18628
8189
3046
7455
2086
17120
4013
2077
2863
7776
9678
13004
9310
14623
17092
14617
18072
1871
15446
1984
3981
18604
8566
6989
17018
270
13555
1489
14443
609
1140
16791
12519
4187
7967
18326
5027
11980
402
7890
3476
10080
4614
12786
4703
1705
7402
2774
7298
6568
8480
15000
8892
766
1989
5910
1036
15544
7399
19200
19874
8539
15990
12393
16447
7677
10718
1473
19657
14842
13085
3132
8642
17699
19639
13345
3125
10761
19841
14144
17329
12041
9143
6221
12807
11132
15852
17564
10396
3250
16763
13991
15510
16473
6383
11957
4150
821
17151
7527
19384
10235
14381
8026
11655
14019
1370
14780
8501
4931
12644
9550
16972
1786
19492
9778
12919
15343
11062
7035
2313
11545
1025
17824
8018
11129
13501
15889
11951
14372
3415
11334
8328
17796
19360
19983
15536
4451
18483
4036
9382
11126
13586
10075
12912
13078
3573
9551
12141
14636
16587
14455
6180
1332
12278
17919
12462
9499
13807
8133
3870
17223
3187
12198
18739
6268
15901
14274
10719
14383
2030
3821
5508
15617
13896
2141
12415
17470
15413
4555
15826
15720
19010
2005
17053
15008
19925
13235
8227
13731
1367
15819
10953
4554
11737
9692
14543
7638
7686
8982
5741
9717
12804
14971
9054
10420
17112
1468
7889
16245
9744
3714
11965
12475
9441
9017
11203
9365
2251
19431
6816
7339
18970
1490
15614
10706
14903
10157
2064
2588
19139
7806
16026
11942
6497
5079
2362
3608
10268
13972
3573
3733
1407
15538
16208
14569
4554
7410
3933
10526
10561
14470
17865
13251
15960
13479
3957
14583
3635
9742
17172
2773
17548
16918
18437
4044
5718
4519
11373
15986
2211
14947
19719
7339
14205
19647
1907
18760
10778
9561
13006
5059
4031
10871
18311
3711
8070
2267
18295
15426
15730
19187
1919
13278
16104
355
1042
1821
8595
16137
1528
10807
14804
4967
1866
9008
4614
3774
11488
19113
13335
4494
4171
1086
19086
2481
8519
10876
8469
6813
6301
4199
9720
8220
1197
9544
12297
5960
15087
891
5817
335
15419
620
5302
17286
13350
13637
4780
4837
12749
18115
13052
16921
2922
15858
3122
11441
6733
11592
1974
13034
19512
15415
4975
4429
4958
17272
10389
3765
18163
16207
4100
17303
547
13124
14588
13897
6760
3088
18735
19510
4923
15507
150
7845
11365
3272
3006
18098
18585
4980
11132
1816
4115
19828
6245
12795
17099
16635
16560
18982
16562
4381
16284
17109
17505
14592
11006
4264
17680
13461
7494
2603
8967
11365
10448
331
18359
17176
18430
16943
5876
13282
18760
9992
13109
8725
2786
10207
5359
3066
9188
1920
7447
9193
19030
4951
3784
13756
12937
5185
7216
4151
7788
16183
15517
1956
16515
17596
19132
18665
14538
5008
11946
17018
18721
8775
9464
5227
2702
14823
8293
15611
464
19462
4803
3214
4412
12309
16970
1069
17494
7906
8942
5281
4088
8179
10958
4323
5774
10090
2987
4032
18819
18654
4771
1259
11149
14235
6486
13851
12778
14779
13183
13242
14240
17986
176
2373
14015
866
7163
11508
8772
16105
509
16582
4283
11468
904
13778
5278
7613
17811
7817
9987
2581
9076
1136
16816
15562
18708
13314
14061
11890
6556
12022
13597
6732
18116
7611
11320
5278
2840
91
5104
3349
16673
13108
18538
1298
6886
3815
8911
8417
11632
18898
10998
4428
3754
11534
3710
6183
4847
17772
18073
15124
13514
15390
5577
11629
6722
16897
627
9562
708
9452
12911
17382
2560
15170
18680
13167
18985
11311
1583
14338
13929
16302
2486
17684
11556
6197
3866
123
3968
5659
15248
1202
1049
4545
12831
7771
5162
17179
1053
5870
6631
17685
6972
9191
12854
5651
6078
15560
682
7661
9897
14612
3962
12383
16016
19239
2300
19882
19362
6268
9261
14609
11191
14031
2874
4021
1801
8036
1200
2854
13907
11552
4260
878
742
17114
10251
6820
12673
10933
18202
6290
9265
5884
2394
5280
5122
4694
8882
4483
14684
18144
2813
5874
12174
5687
13617
17697
13724
18538
4271
11351
10089
8531
15950
14552
5645
6200
5092
2038
854
3293
8329
10119
12898
14444
15400
18020
19138
4281
6223
13821
6145
9036
3416
18320
14724
17033
16016
12168
15570
286
7239
5658
12539
3188
3930
18184
9389
9022
3942
13964
12315
12271
4082
8933
6714
3202
6952
9573
11205
13175
7114
17350
2211
10530
15669
655
7562
15405
16544
6852
19413
3782
16231
11951
6970
160
13855
79
9182
17797
17764
5217
13789
1846
14150
4223
8769
1101
13796
19974
17998
4631
17324
3929
15161
16713
8305
6444
15839
4848
13296
15251
12351
13248
7201
3041
13408
4776
3121
6311
6293
884
11528
81
6451
9399
8026
18942
14221
1821
18915
12218
6452
19959
16147
5334
392
4451
11778
16231
13020
8794
11481
5370
2041
2402
8412
19171
10899
15254
5481
17192
19859
729
17274
10031
10128
5299
8972
4349
10841
11607
16567
1014
15287
16435
6348
15679
4606
1846
11909
1347
14361
7110
6717
123
13233
18850
19294
4131
17824
8495
1322
1403
9224
2316
11434
19353
7615
4126
3701
2177
19454
3988
6912
14740
422
16981
14139
8750
18827
9768
10097
16908
16878
534
17031
10110
19385
44
17962
928
8539
19285
2331
17764
1600
17486
17116
12937
5332
4537
18835
4786
8525
5746
3246
12669
2726
17386
1418
5273
7153
11515
2180
7752
12049
19212
17862
15154
19256
19545
16083
11516
18829
2134
9279
4149
19621
10115
17086
4952
14652
19641
13459
3176
5386
16706
15845
11833
14091
983
17106
1243
12498
19287
12716
8268
2218
14299
3421
5194
13843
19504
16710
12671
1638
9709
16820
4979
19824
17627
13652
14475
17267
7111
1372
6374
3816
937
18207
1627
5642
15313
6591
18140
18320
19308
6407
4258
13606
13550
9452
7448
16774
9883
3839
2132
19592
658
7111
3136
2005
763
1331
2993
11595
2703
9367
15411
7362
7573
17038
13004
2885
7349
14864
4925
6656
4992
9183
261
18542
2356
11430
15315
12239
15269
17448
15551
15928
8279
18687
1653
9042
18
4646
636
6442
14013
19768
17525
5307
525
14249
8192
7875
9113
13118
18252
14105
6021
18514
16367
8377
9943
11681
615
5212
12849
16167
4860
1128
18574
10234
13891
18592
14881
14528
8755
12614
18016
6279
17921
2262
528
9834
13858
13362
6672
12109
11187
12693
14343
7553
1070
8007
2954
1685
16940
15804
1572
5520
16932
3867
15754
10822
2458
14355
9070
14934
10690
10807
1213
12331
13069
5462
2164
6926
18824
8836
2755
10010
5250
17099
1283
6320
8826
4237
11726
5765
40
17020
11285
692
886
10759
11515
7065
5114
4305
1999
19525
15112
6933
11855
8180
12395
14020
18827
14939
6576
1582
8669
11826
2401
9952
1866
11227
14189
13593
16992
17951
14333
11997
18643
15219
2755
13878
2283
11590
18184
8003
11114
13295
14936
2969
5196
7330
709
7743
5989
7285
9325
14658
2832
15447
4609
8419
6673
2519
2011
7385
4190
64
19382
6553
15283
2137
431
1287
17448
2335
13011
8562
19351
7947
11531
8267
18998
15961
16011
4987
3245
9056
19645
9798
4503
7975
18218
11176
14215
3949
2282
18405
4014
1663
4957
3017
7521
9109
8025
4969
15165
1036
13531
18237
8983
8782
6503
11701
4742
6234
16688
11708
15291
53
1506
19794
8028
3444
14690
2242
7393
16972
646
15128
2356
9324
18146
9877
2154
6170
18567
1039
10927
12097
19276
3630
4599
9500
15332
13062
15734
12019
4770
11024
12072
9997
14538
3820
17162
12949
6062
4554
13641
10429
3403
15997
3474
1548
9595
9349
11439
8161
10388
2366
3979
9664
5996
8578
19164
5048
5361
14897
17068
13852
9642
12860
7569
4179
401
4730
848
6463
13005
14490
613
16408
10486
7808
1676
80
17157
13116
11963
7544
19203
15942
928
8919
4519
91
13968
13601
18710
14756
7452
8351
11336
15021
16251
11737
19751
17100
1921
12756
15310
6255
12884
9516
14063
14561
13318
11219
11397
5280
2483
10599
1221
3412
3238
9461
7224
926
3062
5933
19403
10514
14284
10739
5535
14256
2475
9006
15076
8117
5482
10385
14372
18367
3621
8434
12927
16939
3373
4323
2218
9578
18643
7160
12990
5601
16622
213
6528
19684
9868
9651
13918
7872
389
3173
2127
6586
12180
923
14703
17662
15029
9075
16028
18651
1229
12675
15589
8324
718
1528
17902
19361
8688
14612
8683
5309
18546
18932
8713
8413
8582
2631
16286
8972
9525
2133
19279
1704
3057
13981
3087
18086
6776
2835
456
11727
19232
16046
50
19950
17574
17952
3031
6261
16284
11714
15292
14829
10645
4004
6963
19227
10356
3248
11919
19882
9102
11197
5306
15880
5178
8393
17687
15675
14950
18143
7401
14181
14188
7451
14130
15482
9123
17161
1743
5406
8874
17035
235
3239
4759
7198
2466
15116
14167
14385
18718
6989
5582
4023
2869
14481
16138
4276
13876
14808
2418
1277
8988
327
12449
6838
15809
1572
3999
1272
6978
16594
2027
10934
19834
6787
1852
6020
5623
19740
404
8061
6729
9707
12084
13319
7908
11942
17595
1784
6749
3733
3061
15737
4060
15510
6296
19870
802
10295
4862
11502
10609
6890
6156
10442
17398
8009
16462
3020
7748
587
11081
18198
14015
6885
15237
1923
2548
12831
3707
9297
16565
10489
8755
4345
9719
15051
7935
