7768
4910
9373
18823
5440
7218
1660
14415
13620
5651
16061
5984
9235
2397
3378
13252
5513
103
4614
5136
8146
6742
4862
18821
13688
1103
3526
15028
2781
13735
9176
10549
2365
18549
9371
7805
9487
11031
2219
6828
403
2000
12812
13359
8119
19911
10331
13632
3734
14945
2488
15601
5408
7351
14421
19096
8454
17948
14123
11235
15403
7019
5504
17768
5568
18596
5572
18776
13348
7791
5603
13751
13513
2136
10830
1631
5767
1160
18984
9502
19827
1471
8823
5234
8822
3244
8050
996
1191
2172
15952
314
12912
1455
18082
2200
51
3653
976
13399
15165
6579
10870
8677
12436
5420
14029
18204
6580
13012
11426
6406
14484
248
15361
3305
3492
3410
8023
8404
9303
3974
8718
2215
9151
6799
4415
12923
14173
9112
6321
9338
15692
911
1735
11848
6331
15765
10051
16632
8776
5197
6759
6980
5446
2119
14007
12659
9251
2029
4784
18554
6003
17223
4489
18875
7743
12626
11797
1915
1737
1838
14974
1149
2749
16710
12998
9080
16195
6769
5712
8691
15688
12471
15672
1133
18311
9678
17513
7561
11707
2296
9836
1430
3240
18046
305
10983
10671
12102
12898
16130
13941
11593
17279
410
8302
13997
13212
8217
766
2644
16908
174
18836
12579
1307
17146
2256
2540
8428
17684
8558
1984
2835
11798
29
3140
2780
10701
18963
19399
6830
16624
10991
7829
755
3013
1826
13967
11230
6313
16611
8138
6487
15446
4437
11515
16312
10415
17776
4739
8098
6333
10444
10933
1851
10474
17794
8352
4895
477
7751
11725
821
2462
3274
1576
5476
5100
15543
426
15134
15874
8564
1620
11319
16723
16856
11352
7137
14632
19812
18956
4685
10256
9889
6537
729
11403
14889
5624
11880
6360
1069
16423
8823
4343
17999
14299
13165
17263
14725
8298
13136
7010
13640
8176
7453
14216
19528
14590
12568
19339
13545
17254
13315
7154
7511
14044
2278
6120
3388
17879
12481
8178
14301
1303
16243
12300
19323
13128
9562
17768
5146
2697
8498
18786
14594
15951
16723
14121
10540
9290
17181
7806
10264
10495
18681
17775
8260
4679
7616
15369
2558
96
7268
16859
5120
3510
12879
8163
16638
6161
5930
1783
12580
14429
4290
7173
14100
4733
5015
8361
14023
2195
19888
8008
16411
18568
9503
8391
6968
17119
3760
9526
935
14749
10105
9776
18259
6705
17939
18617
12866
7590
399
5445
5739
8410
16340
19839
13143
1354
8199
10887
7270
8086
2615
7401
10375
12118
15793
17343
12958
3273
10589
13893
18022
4414
3669
0
14840
5328
18617
7706
12918
2736
16872
18657
11147
16932
18496
8010
18286
10415
2617
9276
18502
8953
16678
12597
1071
16191
13660
17750
19464
7969
15363
1205
12383
2752
1205
7223
8081
19822
18650
998
2557
19242
3376
17425
16174
5592
9156
18180
16007
15494
7456
14508
4447
7854
10825
9239
4044
4484
6988
7228
12453
6071
8433
8557
8824
9638
15780
625
13180
18150
5344
15737
17391
8720
16883
13564
14312
9759
11744
10319
5252
2920
8547
13420
10774
19373
2658
14818
7577
13367
2045
3751
19439
10478
12308
11983
3836
11808
12608
17016
9957
17952
16473
7347
6672
13355
911
4704
3113
16376
18744
12087
19296
7291
5506
10069
10384
11886
8607
1681
5252
14373
5432
8411
8571
17740
393
12407
9547
16722
9422
3224
14674
5894
10572
5066
2970
15204
13491
9804
11579
12235
1890
14595
3246
7397
8384
17351
19283
711
19032
8255
15084
4464
387
3654
5924
780
16061
19193
1223
9203
2416
15897
18818
12988
4683
5508
11912
18174
15313
7211
10408
17203
1805
13654
8320
13910
14725
11323
14621
13757
3299
13425
1941
3686
17079
11586
8187
16860
10778
9410
9783
13195
9027
8601
9903
13710
17830
5536
15605
13142
12747
6012
14066
18274
3387
6106
15904
18112
1150
10525
15589
4449
7670
17530
11856
4749
9116
42
5329
3614
13174
15113
529
2200
7434
14154
15911
5263
19690
11515
2126
16157
1247
16192
14430
8355
2297
10334
10188
7168
4579
5776
15338
12249
7027
7193
718
19864
7236
9769
3477
4130
4881
4007
6330
16036
1881
5961
5019
1570
1196
7145
17727
2444
7057
12157
14520
13076
6211
4707
243
14511
14205
15582
6759
4952
2774
11199
4815
13731
967
8292
17861
9569
16020
7912
5604
17901
13873
14344
3191
15070
1489
918
1234
8546
16796
15754
1621
6727
4182
5586
1237
2107
1167
11717
7059
7662
2915
11874
1393
7603
3886
2974
17172
3627
10886
6496
5248
4759
840
8440
3549
2329
13079
4783
14596
13595
4257
19939
321
8439
5524
5279
10546
6691
16996
1325
14353
3632
16920
19467
11235
4527
6162
12128
8154
17048
18624
17123
5527
19464
9283
9076
5513
2361
17580
3830
15956
1837
3768
19998
10276
9292
5276
4543
15983
5993
9589
14056
9625
6509
17244
4580
14757
3405
16708
2910
4173
15332
3753
9701
18516
13037
2497
7750
19119
3798
11580
18796
5635
15348
18793
19632
4639
7790
7895
4342
13783
17485
2118
3407
7714
19362
11708
2470
6487
8416
9101
10661
7468
12854
4082
9704
9611
10300
17454
8730
14098
9033
7525
19733
8101
10038
19365
16461
17828
10980
802
11610
8464
6642
18738
19899
6003
10446
2368
12491
2582
15190
3151
10050
8044
10954
19754
1375
1253
928
13826
15352
13682
5071
15084
1783
15110
18169
18244
16658
12870
2767
8268
1333
9409
10726
4953
15412
4892
7321
11623
7474
2511
18495
1244
14276
9448
998
15651
10702
5647
9477
9774
19329
14548
4857
1111
13378
6747
19356
10036
19617
2122
2024
4670
11531
12750
9623
10663
17643
665
6007
8837
3176
4501
10082
1172
17671
11080
543
8372
447
13741
18146
19776
12010
6723
887
5387
17191
3963
19144
527
9806
1167
8919
5057
17639
18542
19441
15281
2927
5447
4117
9824
9949
14199
10996
11340
8999
11540
19712
13167
9001
1577
12943
1010
12021
17551
10119
12933
1513
9262
13460
11319
10430
2378
96
8068
4641
19537
7069
7568
4984
14907
17393
18654
12827
12109
9993
5546
7369
13425
18714
16371
18723
11656
1101
14464
9206
11220
7396
14440
482
4577
9479
14633
6955
9575
6421
15317
9111
17211
6606
17816
12117
7719
189
4943
19828
13903
14211
10918
7327
12924
11009
9770
8300
12110
4234
1226
3330
11630
15666
7533
16207
5144
5886
6883
14719
16028
5920
7550
13238
12526
9087
5354
3965
9276
14019
3793
3179
8229
18432
14227
4873
9440
3997
13173
1549
11952
14399
8600
3581
10064
19854
3509
18929
9460
14113
17368
5487
32
8638
18725
16280
17725
4079
244
10722
1818
7758
17622
13768
6189
11848
18641
15629
19566
11813
899
11517
9932
13220
18820
3716
13074
6049
2644
2533
3882
11
11742
7635
8649
10466
3914
10095
18266
7880
816
83
15638
18438
13851
5548
14006
16212
4897
17293
11745
9517
12530
1676
2737
11349
5392
19532
1118
11757
2064
5000
15489
13806
12636
7859
7993
270
17954
6258
11871
2490
10063
7509
4648
7634
16778
18654
3846
1674
19667
19312
11192
12197
988
13929
7266
10101
13460
8385
5579
19245
17106
1067
16772
13462
8926
8485
17454
10600
14743
9324
16811
8526
16833
1458
16161
17331
3833
3727
19006
3499
3038
13918
15696
7747
11567
2962
1569
8747
15068
7148
11712
12173
11936
12204
9356
4583
688
6809
15183
19153
16133
15715
7678
16687
17173
7559
14017
4726
11286
16743
8226
18046
14381
7642
5792
5947
14325
7361
14694
9392
18230
10127
5286
10166
2330
18363
14749
3019
5171
13652
2171
5024
9366
9849
5431
10260
17409
3169
14986
12415
19912
6932
10460
18014
18296
19974
3960
12620
11055
2375
5733
9285
12502
11019
3171
14832
13102
1640
17851
18273
15292
3742
7017
8379
13592
12449
18639
14721
15618
17345
7135
19250
4277
1316
17263
6293
1289
4944
18913
16065
11040
4645
5349
3541
19385
12241
2093
12486
13881
3665
14479
12894
7407
1496
1272
4719
17666
3631
19440
13283
975
10296
16253
8973
11612
13516
15266
16622
2180
17900
12686
13220
6265
1756
481
9371
13997
2574
1856
11599
9960
56
4492
17368
5273
9485
5807
2938
13116
5247
16221
17812
19264
16194
10506
10875
13430
9492
11217
15610
7391
3902
12550
17378
5658
13031
6748
3376
19327
12325
14975
9286
12381
19467
10374
17654
8951
19903
591
5787
5149
532
7319
8133
16727
17825
2728
10156
7317
13945
9487
18429
17847
2036
15806
7226
18789
2553
10602
1835
18600
9297
14842
10980
8763
5216
12355
1434
8839
16667
10942
13988
17200
18261
5841
17647
16086
8569
11523
7123
2513
4730
5551
4080
10488
5078
11306
9276
11352
5628
11111
9951
14925
5952
4652
7408
14889
17007
12563
3727
13673
3504
1435
14593
5486
7276
15960
5292
19566
11204
12415
2078
15934
1686
9880
6421
6764
4906
19418
1837
10535
14249
11788
9180
201
16440
309
18811
13446
16593
6259
10840
3818
11415
5432
9304
2412
5113
14596
1977
16317
7010
7777
12250
12417
17657
2392
19182
2562
1809
1018
16818
16059
16527
9719
19981
12967
10028
2511
10133
6620
8770
972
14159
3906
10126
3462
6318
15239
1778
12016
11555
8788
3513
7525
1205
1169
9917
4107
7453
11727
8846
4270
11506
5372
17710
11486
2059
7737
17718
12193
18079
10209
16886
12237
14115
7011
19421
4153
5970
1198
19890
17525
13708
3403
8771
18634
4572
18688
2740
15746
14135
15307
3737
9361
678
1446
4567
6459
12905
2285
18652
10983
12494
19258
6940
6608
6269
10081
14482
15960
11280
14371
17206
4987
17774
5976
7341
6067
8384
13802
1812
2519
9108
5549
11880
13507
6996
16448
19966
19901
2453
2337
14604
14947
1595
5264
1554
11585
15346
16036
7544
10346
14127
8470
19054
11901
14446
6394
17968
2830
195
19780
9070
9303
5329
4670
6530
16046
4838
6496
15946
7291
12554
14270
2237
14149
19534
7512
9454
18600
7268
719
8945
1395
9189
7998
13296
3635
14392
11263
10186
18308
14763
2976
7610
3812
7646
14141
19858
12485
4357
19524
3496
16911
13793
5734
14781
17048
13246
4234
15647
4235
4953
8313
5630
17864
16311
2646
5219
14424
13909
15405
12731
12392
18381
4062
16205
9747
1923
16062
5952
6280
15586
9449
6911
13099
15183
1691
10146
12149
9647
9514
104
14600
17827
5734
16184
17858
8380
1402
12281
6009
527
8733
2122
18908
16516
18327
12376
18439
14388
18328
8439
13694
7776
15350
6793
6679
762
659
2549
10409
13894
2653
8729
11720
12109
4913
13299
488
10036
5579
10219
10564
18033
12341
13192
14548
14388
5567
16707
8775
3895
5145
6190
15392
4216
16704
5792
8699
17363
8341
19108
11257
14715
11557
6697
6823
16470
19996
11033
6506
9296
1251
790
11049
17313
13982
5597
11700
19550
6024
4195
7165
14891
10385
2556
19107
7088
12069
7805
8172
409
10633
3149
15125
2189
9846
1947
2380
13563
12980
12607
2858
17952
13397
13907
18985
7378
3224
10684
10648
9249
18601
17813
7860
8985
4090
10687
19795
16159
2212
11687
289
12845
14836
19135
18755
8402
1081
4855
1964
17783
17462
4822
19455
14579
2450
18440
5678
5674
12844
16326
18644
11444
14139
6503
4150
1949
17190
7665
18108
19402
19352
18397
15967
17908
17531
14722
6309
2333
3297
8274
3836
759
16817
7011
19059
2987
9171
4736
12383
2015
4783
14747
17180
18922
4971
5050
4591
2160
12715
2698
5283
15787
4816
4970
13694
6067
3412
3724
12121
6710
15719
19678
11190
16256
6689
10248
19244
15860
18706
11626
1595
3488
6372
2496
6130
11343
7546
10721
17225
3982
17140
6228
19769
5676
14919
17184
11744
18332
907
7585
5041
16626
7263
16231
12881
13952
10199
12124
13532
8904
7470
15128
16113
17564
17624
2242
12627
5169
16684
13572
12872
13824
3520
12641
19500
18440
9824
14964
16771
10731
2549
5532
7356
9812
5483
3957
7484
15682
19803
1015
8307
7272
19864
8140
8556
17487
10383
1183
6377
10787
18476
19249
4610
1996
15610
7831
435
5433
2794
926
19885
9064
6458
10961
2596
11941
14919
10080
11343
14721
14817
3370
5713
14680
11511
14270
15888
5614
19174
5985
16401
17649
8954
1011
3365
8285
12563
3800
17439
15357
4726
17324
8142
14905
12005
10738
6845
6923
818
1909
5364
19356
5279
14799
14035
510
12789
13643
6124
11962
3348
2525
13331
12303
7257
417
587
19820
4217
18026
18897
12665
19070
7038
7569
11075
1497
18136
1718
2315
44
10804
5391
9044
5602
19426
9555
18391
16790
15679
14073
137
1924
7403
16161
12902
7820
16748
16442
15759
18495
15339
12144
1284
6097
3433
12359
11315
5289
17799
13630
9054
8602
2741
18099
14204
2167
11374
12594
2677
7052
6666
2814
12698
17790
18976
5599
9331
19444
2041
8810
1658
1100
953
2943
10918
8107
15302
2233
13397
13100
19584
2450
5422
2325
548
19626
8213
11922
15940
10890
2695
6326
17425
19114
4116
16400
4712
17168
19565
10474
5977
1222
15295
10651
4165
6213
18758
3188
8446
12154
8
11750
18326
5431
14075
18874
5056
6008
14517
996
16898
932
11043
14323
3766
15159
14443
12199
16047
14007
2673
5744
15230
17968
16395
3115
7901
18874
6303
67
11027
6312
11818
9352
11743
9613
11947
519
15622
10184
5236
12519
14837
16280
10562
18603
15159
5005
14522
11206
2732
17195
16950
17962
18884
17066
1077
6784
15939
11101
6852
6965
17413
2390
38
12876
12003
15706
13396
7624
9610
18632
3864
8167
18632
18147
6769
13791
6872
5011
4996
9605
2206
5666
11287
4810
2731
16085
15315
18670
7186
2166
9356
8319
8277
13115
1195
280
12541
18312
11625
2150
663
19210
10317
19296
17357
806
16807
4228
5817
1802
13833
11744
11189
5120
16554
17642
1204
11869
16311
12111
17756
9387
430
9754
2501
1625
10034
15042
3657
5379
912
4320
4589
11229
7336
1945
15756
4142
6173
5294
9665
3727
17038
854
12568
17313
18496
13772
12902
18527
9604
10657
7914
10034
410
10415
15380
14165
9178
19037
19545
10090
7077
7854
5040
14414
9799
795
2276
19693
6089
11942
3419
6848
16517
15987
4160
18733
13480
17062
17259
3083
11439
5172
16838
15571
19309
12217
13456
12207
14974
16721
6017
5771
4574
11057
184
14373
15574
6182
17787
1662
18124
4926
12231
14640
4634
16391
13372
1834
17173
14351
4917
8612
3244
5475
7903
6273
1412
1358
18480
106
18080
4496
5877
2653
19275
9783
747
14848
15965
18534
16510
14088
3459
8741
12448
8093
8852
9540
9927
6025
3890
18565
18358
7134
7760
6260
17128
9172
7618
15607
9278
9418
3824
18877
12072
3098
8659
12819
17946
4623
15073
18176
2431
2252
10637
18600
10346
19490
8139
3993
9235
15750
6279
7592
6605
14039
17573
3732
6932
8911
3060
16210
18330
10605
18807
14122
13703
7465
10661
15369
15809
5733
17265
18240
7985
7902
559
2051
11112
12419
9766
4067
8169
16045
15380
18495
13804
12952
2226
735
5583
9007
666
3912
19612
19473
1754
17035
6938
12415
16124
6467
1868
13389
8428
13575
5011
8987
15626
16123
1406
9112
3910
13296
5156
19290
11790
2681
15962
17737
3416
1544
6744
4082
9178
10076
7276
10932
10832
17935
7068
6955
4401
8936
343
12829
6231
9075
1816
5578
5197
6943
14690
12828
238
3567
12117
12028
6248
8078
9764
9664
9623
16508
17468
2521
10305
4743
13453
1136
2677
4241
8091
7078
16899
12156
3628
3129
4951
5444
8707
13870
12387
7118
6697
12625
10685
18815
8373
16933
6892
18137
10317
235
18366
11505
2756
8670
16248
19931
13527
2645
4171
5338
13445
1069
1214
17073
7920
6166
6237
16627
35
2344
3744
6732
18690
18150
5546
7062
15082
16160
8919
9120
115
7284
624
2872
19675
593
6523
13201
3238
10694
2260
403
15485
3474
17476
3404
9640
7433
3751
13396
9777
11217
128
8466
9366
9395
19249
8169
9275
8168
17289
9391
15452
17913
15984
18848
18506
2506
15769
5465
16921
18029
5868
12405
5224
7065
19530
18585
14498
7002
11981
7996
18219
15830
16462
11305
5224
15711
19474
14500
3878
16762
7611
3050
18396
3594
1897
621
6100
17667
9807
3020
19416
15676
19147
4639
6461
2396
3224
958
9398
15205
8954
11337
14755
9137
2642
19979
8568
2115
18199
16167
2598
5809
19217
4714
9403
4835
5335
15503
6222
15143
2244
9358
14539
1390
13998
999
3786
942
5678
16906
19868
18354
8242
14622
7490
14605
14600
19779
16721
16520
15945
3039
2328
18882
7753
15453
7437
13088
14676
13659
11951
16920
3017
10210
2030
735
11209
5817
1677
608
6443
1544
18962
18406
19887
10172
13011
18207
9950
9731
14726
9615
16491
775
8496
4243
16228
15934
1051
10903
13313
13003
7823
50
3212
9853
785
18143
19391
6183
2471
9554
11448
1432
7960
11334
15325
970
9541
8995
14422
4266
18610
10912
8762
10826
15155
4989
10480
19927
15893
3793
16650
7436
3843
3583
1009
8350
1725
4121
18254
4196
13675
9702
9349
5355
1035
4673
10046
14297
17389
4467
2284
15998
19100
11046
6823
17975
16036
1024
17902
15649
4817
14551
6805
12381
18134
11535
4451
3579
15656
2705
11496
13052
12407
4565
2127
17163
9238
12174
15181
10347
361
17465
6344
19462
8510
16889
17436
4545
17913
19058
3914
6450
17330
10719
18831
15463
2254
7003
2763
1630
9708
14259
18403
5835
18825
530
6718
11783
12704
1898
2130
16786
19363
8474
16247
7873
9083
17404
16139
6995
16461
53
13445
13790
14493
15997
12974
467
2999
15737
5819
16428
9995
4221
2262
12540
8472
8980
4323
4896
14600
6453
1682
13962
18648
17929
1834
11452
19053
1694
2167
19235
5468
19334
13024
3681
15330
9718
4149
2049
9175
9968
2197
19171
17910
8180
15431
6382
880
19754
11278
15480
9927
12960
9442
12296
14610
14997
7468
13662
16691
9635
12896
5879
8968
9641
9561
8018
3079
17431
10067
12255
7398
15985
15146
9028
4164
10576
15410
5045
14051
10409
524
7698
7089
9966
3714
5419
8684
11182
19082
9095
817
15698
14975
9785
9059
4535
1524
12139
1965
11591
8114
13084
11297
3259
5832
15461
17556
1242
505
11606
15372
1030
3025
6181
14717
6739
11601
3400
17922
10682
12496
18739
10100
11191
12244
2880
19447
13768
18740
5132
9080
6853
18216
376
13833
7768
19558
11388
12731
63
6715
8102
1093
9740
14284
19531
16479
5884
2931
18121
286
19148
579
14107
14059
12824
16987
13505
10312
15726
18637
3112
2578
572
7209
16411
8340
6767
11520
1071
6830
18235
12894
11644
7974
7177
11174
8173
16782
17826
6294
788
693
6873
14896
14752
3417
11882
8256
13730
11329
10613
562
13907
11185
7772
14039
3246
14539
9279
4317
5089
7513
931
16733
19208
8109
11627
7380
8611
9453
13674
9400
13867
4268
8016
8619
7685
19898
595
5135
11226
11209
5698
8854
6114
13470
6613
9360
11729
15892
17398
16818
7125
18330
17271
6332
10159
8897
13712
18770
2070
11107
11890
15938
15375
19906
8277
6780
3524
8872
11916
18471
3801
1334
11045
9916
18525
1378
2996
10253
17270
4115
10791
4394
2444
8061
14447
16324
678
11880
18814
2749
2986
10704
2407
2081
14330
10684
8861
1574
3276
4497
45
7078
5831
11090
714
8076
12469
7431
18329
13459
11546
12840
1574
17711
4621
16021
17755
5300
11621
16569
8049
14607
10993
14177
408
9043
4860
12991
10618
11857
17488
10663
2655
7040
5473
3369
15116
1662
14522
17166
15122
9788
10005
416
11220
14627
157
8974
19927
11779
5542
11696
10106
255
5872
10515
9299
14453
3505
19917
6309
4713
14300
8965
11753
3493
16055
6869
5156
10576
7755
3998
4085
17760
4414
15305
16107
8292
4278
16033
3791
13542
11449
13898
17518
1041
4412
6816
15494
11638
10453
1803
16351
8473
14489
8104
11967
10543
18694
17123
4840
6448
4841
8925
7928
12976
7950
4035
1267
15949
3788
5059
13211
15238
2677
10729
16279
7089
1265
15494
2447
15440
17297
18798
3912
11785
10622
19600
6048
13036
442
10888
3204
5283
3533
11133
18259
15204
18889
3247
11153
2676
8306
8084
1634
10983
18813
1634
1792
3799
17128
7960
2959
18145
10478
6871
13650
1100
10192
3418
17857
10634
14307
4782
15918
1560
19636
14176
16765
18524
17423
11638
4920
9449
19722
10276
4152
2255
15631
9665
9775
16479
17625
12734
14623
8103
3325
11993
12924
13517
15411
10780
4151
13438
19283
68
18720
18918
17965
15484
17441
15388
10842
6082
8557
14284
16358
12710
16539
11988
2374
6313
8466
20000
19047
6809
8102
6093
18802
4746
19610
17933
15526
3760
11371
18530
3828
13811
17447
1793
13015
14888
901
3856
969
9458
18140
1047
2167
18400
13035
8263
8433
1500
8262
11201
8309
84
17294
10831
4830
16903
8763
4076
663
3854
2605
8212
17665
52
13726
10679
18661
18348
18256
3350
7806
116
4397
13694
18516
17432
5677
6948
2652
13939
18149
10961
17744
19163
5512
6294
16066
14275
10371
449
1850
16697
8661
3235
469
6108
13915
19130
4455
15891
2479
15982
16007
10597
13397
14522
8028
19074
5191
10680
16734
7060
5361
14477
6223
10873
771
6009
8869
14863
6458
10719
11559
18840
13954
12029
4947
11589
14879
9403
11201
1079
9105
7207
11676
2501
5450
3425
1575
10641
17826
18309
1421
3187
16506
7644
17781
997
17374
6649
15860
3831
1088
11140
2671
18764
3168
7618
10352
1767
741
1552
2846
13568
12481
18244
16069
17931
1668
1364
12292
19494
3393
17434
6401
19900
8799
4182
896
6172
14552
477
10004
15641
11617
12675
14404
18506
4013
8476
272
8476
13750
6840
2043
6230
5083
1832
7881
10472
3197
3893
13686
6590
1326
87
10210
10125
7990
14828
16298
2541
15305
10022
18182
10642
6417
16306
9147
10430
4782
13140
2626
18532
19980
4669
8482
8783
6502
16363
2975
13420
255
16662
9
5302
469
13941
15428
8459
8768
15446
11000
7793
5467
12903
18435
11884
9208
7581
6034
13990
720
8661
16242
4421
17051
4723
16925
7273
4806
19901
692
5061
282
4423
10364
751
18364
9512
9210
10852
4957
3930
18645
14145
553
17079
9749
9762
8380
15783
7472
12821
8164
3714
962
8936
12158
17888
19930
16965
1508
4343
2025
1790
8766
16110
6262
10850
9342
19193
5422
18020
6843
4066
12164
7397
4865
5633
17159
13245
5137
8351
6065
17022
12065
10749
5957
7944
8636
9608
4908
13865
13951
10654
19376
6437
10485
5637
1007
19827
8550
6429
17847
15393
14216
13731
2789
19081
19365
3668
16046
4501
12020
5831
1522
7805
16580
11201
15749
8936
4529
656
2800
18480
11311
2175
4916
5516
11533
5923
5342
82
16073
6909
15476
10288
4361
18265
13089
7446
1933
12855
15668
17674
18686
910
5478
18987
12111
1227
7922
16640
5604
14444
18840
635
339
7476
6151
11873
13399
15215
15676
13192
2123
11151
7200
10205
13137
288
17651
18791
13143
13318
16464
15550
14229
5662
14536
10060
6889
2457
6700
16215
16901
9260
16850
17241
16737
3001
12834
13856
18216
8509
7048
4059
3381
14248
14265
238
18258
11915
2749
15121
8954
2933
10670
3182
8595
8926
13242
19206
11384
3662
15420
12005
12923
12269
12966
9659
15270
9520
7235
17206
18030
14283
4986
5131
12252
19251
5369
14230
14886
11839
9350
3839
14772
3741
7021
3366
12667
3984
2571
7771
7646
17991
3497
4289
13981
16463
13948
12971
5983
1183
10177
7733
19187
15163
16585
15159
18134
5674
9388
13019
17513
18739
579
12284
6200
7600
15650
18867
11584
1942
6638
2951
3653
10135
7240
17634
10318
4909
10605
21
6092
4502
11475
8999
3385
8059
4158
1518
13733
13546
18258
11245
16005
18837
7249
2204
10158
2899
1071
5462
8562
11430
8413
12215
5285
15654
9849
15603
562
453
15625
10375
8676
7099
3094
12061
18880
7252
17300
16333
4519
15557
7578
4244
18115
18548
6449
11993
1446
11241
17455
13729
6391
5868
5944
11676
5242
15793
7278
9525
19967
6623
3620
8642
17444
6714
4423
16323
17688
1722
12655
2206
999
3953
6450
2834
2501
16620
14827
7668
7860
16003
1397
14251
5591
11062
9647
10833
6854
16926
4078
10541
7269
7698
2903
4712
14412
11047
4755
12099
16490
1131
18026
1209
5084
8197
4044
11306
4816
2591
2695
16398
18594
7813
14369
4184
18875
4016
18738
9449
4662
2815
19990
11931
10513
6613
364
8646
17660
5119
744
14149
6250
2491
15358
15056
10688
19402
10082
15504
5714
12777
11901
8028
589
6270
12213
19464
14007
14671
8912
18669
17487
12622
14320
11720
19235
14684
365
16894
19804
4831
14763
9774
7322
10121
8550
18010
13243
18633
17234
18957
11409
12856
10706
15720
2846
6639
15183
16853
1309
7816
19242
2516
4158
13561
14237
3393
8245
14602
4007
11769
3153
2491
1542
10475
12612
13814
12205
5854
12446
13160
8532
7575
6015
19238
3294
8861
5876
2198
9434
10906
10014
8675
13423
17893
2235
11380
5006
10480
9702
12735
5969
12856
15226
11233
7051
7837
5046
19257
17412
17492
16137
9664
5066
2151
12622
8361
14733
18498
14280
4166
13125
8014
12841
6547
5906
18797
1647
10913
12998
11349
3647
18967
4204
2593
10199
11256
10430
15245
14233
11562
12736
10369
1226
1523
16241
13848
13605
10973
16067
7884
15139
9191
15898
11700
19459
5524
10496
1105
157
3493
12454
7525
2460
379
10118
12659
11635
4268
11625
9588
15831
8081
19957
17057
9604
19918
14625
6929
10890
10691
14813
6028
3602
14431
1448
6781
3676
15665
11607
3833
19159
7782
11359
5339
8161
1476
1718
3516
5745
13343
13104
1575
1424
16781
2352
14749
16698
16977
1678
11308
11389
211
17336
14991
18364
2504
5493
2039
18169
17100
5872
1047
4881
951
6386
13042
2428
11826
278
11894
5168
13382
17190
10313
13883
3262
5062
14301
238
10461
5608
15348
10672
6664
14060
9035
9168
19553
14795
11058
16652
4388
12105
5254
5339
2212
2016
11488
14038
2295
3381
2926
19398
4291
13240
13281
7553
2022
11302
11513
16204
16911
6860
6875
7295
919
19632
16464
4192
14426
11242
4565
18814
3346
9819
7874
5558
11835
19362
3316
17851
2743
6243
17249
7034
3203
10529
18309
8946
5551
9821
5149
2461
401
15745
9757
5042
15376
9941
9234
13523
4903
17520
16057
8249
11059
3930
17529
2894
3292
4565
4465
9756
10808
1713
510
17732
15963
2539
10398
1514
12360
15547
3975
12762
11292
17453
1524
10388
11114
10758
7631
16017
11999
3688
7987
3057
11339
9236
9672
18352
13801
14138
11828
8330
15851
16060
9782
11814
18599
180
13328
10959
15727
1023
7441
10739
2197
8965
1127
17032
3443
8758
16770
15442
16167
4756
18500
11227
17713
11892
13299
11513
6029
5127
3563
1880
1186
13346
17415
19785
13526
10742
14464
12973
15486
5625
3712
17683
14590
8560
18436
1754
17318
15205
17196
17206
3681
19416
12153
1393
11308
5451
12906
1057
10578
16470
2937
15485
13536
351
15270
7061
14814
13454
33
14021
19080
3745
15424
17390
12305
13859
19144
13344
9063
60
14270
16465
3196
6422
17858
18225
11873
14485
19283
6172
14675
2219
1656
8210
6292
646
15271
4826
14101
19025
18847
16901
6491
14271
14290
18796
8129
13434
15860
913
13494
10129
17378
410
271
15236
18636
12145
13441
17918
2037
8115
3857
3693
45
10149
4340
19037
14976
2161
18061
17543
19062
4551
11813
13351
7068
3663
10505
6648
4576
7719
498
5674
8130
769
909
6765
16635
18071
8403
18672
9906
12260
6086
9951
6130
14147
8987
4826
16308
7048
2368
19090
15320
14182
16161
6108
17845
6666
12757
6141
18106
13255
11815
6235
17745
16446
16721
18101
14516
5123
16772
4422
1104
6578
14373
7234
724
3360
12060
752
14129
14428
19842
13169
12330
19724
19278
13895
10110
12034
35
8215
9009
11851
18172
10474
12017
18613
8574
6532
7457
9067
14675
8561
15645
9048
19516
90
16129
11575
842
13978
9723
4405
7146
5774
4128
10144
19669
14238
2177
3425
6173
14907
18997
8065
5381
11013
6678
13955
17545
17856
6742
12220
10137
2387
4988
9652
2477
4837
4947
7040
2535
14670
11445
13402
4164
15573
3546
3833
13531
9444
10979
3425
4351
9975
11490
13453
987
1888
11128
2252
19744
17871
18193
9880
3978
3180
3252
6455
11738
8199
13495
17994
6590
8661
11396
10754
4233
18663
18308
1485
8106
9286
8631
16178
19261
120
13351
247
5730
4479
2500
9194
6070
692
19075
10048
7594
2326
223
3052
14247
13718
1046
836
2378
16163
11590
10333
14825
13619
15539
6651
2904
4169
6550
5886
8010
19901
6133
17461
8100
12354
6655
14170
16768
9450
7938
8082
11776
8161
14855
9743
1879
19622
10579
7978
15784
5890
2031
14329
19509
1290
4701
2412
5459
14972
8298
17191
18593
18153
14651
6693
14227
5026
4583
14715
14476
12522
6517
9973
4403
1372
19716
10003
4714
10295
17982
4219
19906
3733
18548
19414
5024
6969
5546
14204
1940
17566
15115
533
19439
13487
10947
13665
18513
19251
12101
12989
15493
2338
6682
19897
3710
6397
9899
12146
412
11601
16365
317
15335
18633
19731
4079
5602
5277
18283
11263
6563
13398
15517
6001
6884
6463
3386
5396
5714
15487
2105
4927
17826
8787
4823
5256
15185
14723
1122
19318
6323
17487
19636
5378
16120
3086
9457
1721
12084
7740
16705
18647
4858
12222
4647
15463
18685
8034
858
8119
7241
6685
16768
8787
15472
1590
17765
14377
33
18887
17416
10078
94
771
15456
16214
3857
8634
1655
19663
16374
18360
18309
4952
10581
6677
414
12987
18432
4993
1105
9393
11678
17873
18181
10871
3184
19666
8968
3217
2272
10104
13295
2366
10875
12472
18580
14733
1105
234
18116
1199
18595
16424
6151
12896
6821
10286
5882
5252
15279
10709
14646
10678
8581
16547
5269
15486
16212
17958
18704
2204
8062
15719
4571
18937
8190
6871
17390
13016
7106
15505
14215
9421
15650
4086
2316
2470
14372
8199
11444
13372
18908
9810
7770
11209
6356
13039
6695
6288
14717
9119
8492
2778
8558
16784
5436
469
3655
6546
13485
10761
5772
11421
3902
5142
15507
6218
11333
13600
18138
2776
6971
17045
12586
14741
11975
2662
11500
2390
8950
6216
11509
1163
12716
3787
17947
18152
4256
1601
8418
1462
16083
14190
16604
19985
3052
12110
9924
14386
5709
8061
17162
16401
5106
13469
11141
17081
16131
6361
19471
8802
12578
14700
9965
5293
2207
11632
7165
10185
13234
15583
11647
13037
13494
8250
13022
266
4080
6666
14652
13511
14727
11814
9911
19833
9003
4773
633
8854
11134
3824
17656
7432
2244
11341
12725
4452
2973
3610
14637
19928
2914
10004
12964
128
18254
9706
394
6054
16372
15047
19565
14820
10581
13197
14652
3304
17970
19007
12158
12824
6551
9814
256
8796
1154
16702
13248
4127
312
7884
7775
6947
17888
739
7075
19862
14166
7469
9636
14259
6236
9201
9078
537
2397
7450
3841
4087
10177
16000
16911
16729
5813
887
5524
10688
17590
2492
18537
1622
14097
6311
12290
15705
10771
19365
15566
4937
10554
8922
2916
16791
18123
11994
17328
4240
19444
4890
12048
9621
889
8959
10070
6702
13567
15594
1110
14877
18086
19647
219
15903
5958
12509
11607
16729
11873
7172
5386
6148
16094
8302
6659
17938
295
3986
5898
3460
12597
17947
16802
13486
10626
6871
3908
4192
6185
5019
19070
7991
4665
3009
3893
10623
15519
15500
11073
11112
6392
16459
17260
6206
4761
3918
7864
8777
11626
13763
15958
4222
11709
12759
17709
2334
3350
1616
10247
13256
6635
13037
1246
15022
16047
8860
5644
11565
4359
437
6397
14472
16897
3657
678
5378
7575
12263
14155
2921
6025
10113
7144
17734
6592
8573
3788
13664
13910
14036
6919
4266
10793
8166
19288
6839
17026
8652
2124
5106
9090
8522
3298
5986
12179
7697
11364
3474
19961
9239
6396
5985
3072
17261
7440
9665
5833
14949
7049
19743
12705
13968
4008
3498
2133
7016
10337
2880
15669
12462
11707
4758
983
15005
10744
16883
6423
5828
4077
6383
18788
10473
12368
1860
11454
3528
15246
1007
18478
2294
4471
11182
16262
8479
14680
2116
19217
5017
8717
14885
1199
4144
19643
5903
2869
14107
2785
9292
3655
6862
15675
2442
1056
11764
8023
16231
15292
6989
17239
17490
13004
1709
8672
9266
13909
7072
15103
13125
15810
7540
8009
17009
11684
11372
6632
18274
9199
13138
7566
16575
3721
6961
2738
4777
18725
10761
1007
17738
1471
1966
18948
14475
3675
11340
7461
17585
18413
2563
10709
14222
13824
2439
14952
9228
17532
5304
7502
6731
18443
18789
7026
2163
5749
9764
10661
8195
525
15389
9653
1996
17356
8600
191
1030
19941
7653
18615
2073
10216
13045
15
7761
15484
14967
16989
16736
271
4490
7187
2434
6999
14214
4597
12749
3977
15258
4664
8223
10646
14317
13940
8001
6637
14132
12753
6577
1784
11367
12371
15721
8132
12387
3481
7336
7353
470
4072
11345
8681
11259
17500
15681
5472
2096
12150
13171
1074
16814
1393
15442
14851
19055
7163
5208
13186
19916
15507
14970
15004
7877
14411
3135
263
17893
10472
11338
2083
14544
6403
14485
9523
3903
13886
18717
5999
9756
11887
10795
10290
17001
6236
8861
16055
13399
14070
9240
13315
9576
7930
8318
17453
6062
15174
17717
7675
5645
9054
9758
3909
19178
7963
13433
3080
5570
12149
12801
15326
7756
3595
9337
4756
9831
18198
4532
3229
12267
13772
264
1842
5423
12303
19296
11485
7477
732
19160
16843
13507
12638
752
12684
4321
17906
15765
9891
13775
8565
8938
1530
12160
18275
10007
5711
16472
14539
12661
12460
12032
12926
14302
17455
8949
17318
12660
16426
18050
11819
13269
15277
8177
17742
7961
12498
15647
3725
2389
9421
16011
15048
10951
11891
17043
4678
17602
17235
19218
10262
9694
11249
6908
3996
12424
15858
5034
5083
16004
6805
16902
9272
2081
8799
7013
10042
1296
2659
17488
7406
15801
17219
2453
6751
9109
19496
11430
6710
16731
14368
693
10145
5616
7601
17862
1760
3458
2896
6843
19463
9701
7465
12455
15503
16264
3189
5545
17560
9569
6753
8687
5370
3972
11140
15842
13081
14357
10992
3512
14808
5359
4205
8673
14696
11806
6535
16456
18986
13152
7019
18448
2852
14484
14623
2075
14468
17812
7620
12028
11102
18095
714
16472
2066
15575
16034
18868
13652
7026
2379
12180
16106
6584
853
14523
18391
11109
14699
17376
4260
1718
19544
7112
19923
17887
9187
14391
15699
528
10139
6800
2343
14574
6992
4409
10148
3025
3276
7521
13772
9377
3421
9878
15961
4274
8121
18072
15383
2819
19168
19643
8258
2431
10475
8181
318
3383
2571
19738
7632
16431
10258
9975
11004
17250
18105
4872
274
5101
12393
17768
14478
15815
7645
14160
3809
15766
15952
2913
2305
18841
6276
10564
4992
472
2465
5310
7576
5036
8768
15208
5187
19026
8903
16191
16275
7007
1062
270
15829
13456
18038
14028
12991
9403
8187
520
8889
7859
7154
14915
10420
13431
5478
15413
17624
7943
4443
5199
16700
13212
4127
1886
12237
13030
1797
12233
3757
2860
16224
19586
16316
14261
13613
13027
7384
5520
17268
19994
17101
4422
14908
7520
17853
4107
6653
15476
15771
11097
4395
16192
4308
8522
1798
265
1551
3596
12498
9029
6456
12442
12335
6492
10423
9669
19519
17807
18910
16786
1520
16010
1207
16429
3530
2780
4256
13904
1976
26
5000
6371
16218
13029
14893
18017
13295
164
1612
9513
9193
8068
1955
5249
18281
12378
14918
17799
13906
13827
18305
19147
9837
3233
15575
17088
9734
3551
10991
11711
3578
19713
1802
3516
12741
16696
5253
6035
580
10586
19270
9774
2374
4945
18744
654
1043
13661
2173
18670
7487
478
17817
1044
7432
17112
18132
886
663
12844
12597
7962
12556
14400
11478
5296
14816
452
15053
15396
11038
18043
8890
13413
2987
7633
14067
7751
5014
16241
6421
12502
439
4237
13546
11592
1348
15399
12478
2011
11963
5075
13694
8239
3195
5172
17256
1731
5624
16029
847
382
14071
13459
13795
778
1091
7862
8530
6106
7823
14951
2328
11983
2908
19595
3574
4256
18714
16052
9989
10676
4847
3682
2635
8042
12575
19892
13494
1919
15920
14342
2302
13712
7800
16097
14490
12612
7679
6740
2438
19223
1690
4766
11205
8319
8082
14779
12576
6795
14552
2564
1192
19399
9967
3827
11162
2542
3718
4655
4461
3359
2717
6763
17071
14238
6581
15281
6850
17981
2021
13009
924
7432
1496
12129
15752
9578
10629
8327
16373
5180
14612
17565
4578
4578
5113
15740
10841
8831
4116
15303
15911
10554
5786
12981
4792
16088
8262
11642
17790
10283
8371
18714
1435
9867
10842
17187
19445
5191
9234
15818
10371
7566
17103
18671
15866
2215
18131
6706
14768
2246
5729
10678
12801
15237
3659
1313
11324
15642
16676
9113
9645
5046
11547
11080
14914
6110
11988
14358
11301
1221
13896
5393
8788
14720
4063
8374
655
2193
15080
15423
8161
4530
9822
4682
19767
17202
5995
