6
21
22
26
28
29
34
45
52
54
54
55
57
58
66
70
72
80
86
88
89
90
90
93
105
105
110
114
127
128
136
141
144
147
147
147
155
156
160
162
170
173
175
176
178
178
184
187
191
195
197
203
204
204
209
211
220
224
228
231
231
233
234
235
237
238
244
245
248
263
276
282
286
290
291
292
302
307
310
318
318
319
322
325
330
335
337
350
351
351
364
364
366
369
379
387
404
406
407
414
415
415
418
420
425
430
430
431
431
439
446
447
451
457
458
458
465
468
471
474
485
487
490
494
495
502
507
510
512
514
520
525
526
529
530
530
543
547
548
551
553
559
561
564
564
579
581
584
591
594
595
596
599
600
602
607
612
615
618
628
636
638
639
640
643
650
650
653
653
656
658
661
670
671
673
678
679
680
684
687
689
690
691
693
694
700
701
701
710
710
713
714
716
720
737
746
756
762
765
766
766
767
772
773
776
778
778
785
786
787
787
788
797
804
817
832
832
839
839
844
845
846
848
851
851
854
862
866
869
871
878
881
886
890
891
892
897
900
901
904
904
908
910
913
921
923
923
925
930
933
933
934
934
934
939
947
948
953
965
967
971
983
984
988
989
993
998
999
1002
1007
1016
1017
1019
1022
1024
1025
1027
1030
1031
1034
1035
1036
1038
1042
1043
1044
1046
1048
1053
1069
1072
1073
1074
1075
1078
1078
1084
1086
1086
1088
1093
1102
1106
1107
1108
1109
1109
1112
1120
1127
1127
1133
1133
1139
1143
1145
1150
1158
1158
1160
1163
1166
1168
1171
1176
1181
1184
1189
1191
1192
1199
1203
1206
1208
1209
1209
1215
1220
1230
1231
1234
1236
1239
1239
1240
1241
1242
1248
1249
1252
1257
1258
1266
1267
1269
1274
1278
1282
1288
1291
1293
1296
1298
1298
1299
1299
1307
1314
1320
1323
1323
1334
1340
1345
1349
1364
1364
1369
1378
1378
1381
1384
1387
1387
1388
1391
1396
1401
1402
1415
1416
1418
1421
1423
1423
1425
1425
1429
1439
1447
1450
1457
1461
1467
1467
1473
1479
1480
1481
1481
1481
1484
1489
1493
1494
1495
1510
1511
1516
1518
1525
1537
1547
1549
1550
1560
1561
1561
1568
1576
1579
1581
1583
1584
1587
1601
1602
1605
1607
1611
1619
1621
1631
1646
1654
1655
1657
1658
1668
1681
1683
1685
1689
1693
1694
1695
1698
1701
1702
1703
1704
1705
1705
1707
1710
1717
1717
1720
1722
1723
1729
1730
1732
1734
1737
1737
1739
1744
1747
1748
1748
1755
1756
1760
1763
1763
1767
1769
1771
1774
1782
1783
1787
1787
1791
1791
1793
1800
1801
1802
1803
1807
1809
1810
1811
1815
1819
1821
1822
1824
1825
1828
1831
1834
1838
1839
1840
1844
1846
1852
1856
1857
1868
1869
1879
1880
1881
1884
1885
1886
1894
1897
1898
1903
1904
1907
1909
1919
1924
1925
1930
1932
1932
1938
1942
1942
1946
1946
1947
1952
1955
1957
1958
1960
1965
1971
1972
1974
1974
1977
1980
1980
1987
1987
1989
1989
1997
1998
2007
2009
2013
2016
2016
2018
2021
2027
2033
2036
2042
2042
2043
2044
2048
2054
2058
2065
2068
2070
2071
2075
2075
2079
2084
2094
2096
2101
2102
2105
2113
2127
2135
2136
2138
2138
2139
2141
2151
2152
2158
2158
2158
2160
2162
2164
2170
2171
2175
2176
2183
2184
2187
2187
2194
2199
2203
2208
2212
2212
2214
2215
2215
2217
2226
2227
2228
2229
2229
2231
2231
2233
2233
2234
2234
2242
2243
2244
2244
2256
2257
2261
2261
2265
2267
2267
2271
2272
2273
2274
2279
2281
2286
2287
2287
2289
2299
2301
2302
2306
2309
2316
2319
2320
2321
2321
2323
2324
2324
2327
2335
2335
2337
2338
2343
2344
2346
2347
2355
2355
2363
2363
2364
2368
2369
2371
2373
2376
2377
2381
2382
2386
2393
2394
2395
2395
2396
2397
2397
2400
2401
2404
2405
2420
2423
2431
2436
2444
2444
2446
2458
2460
2466
2468
2468
2468
2470
2471
2475
2482
2483
2487
2489
2489
2490
2492
2493
2494
2494
2496
2496
2497
2501
2502
2509
2515
2515
2516
2519
2524
2527
2537
2540
2544
2548
2551
2558
2558
2558
2565
2566
2569
2571
2580
2580
2587
2590
2599
2601
2607
2610
2611
2622
2623
2625
2626
2626
2632
2634
2634
2636
2637
2645
2646
2653
2655
2657
2660
2664
2669
2669
2670
2673
2673
2677
2678
2692
2695
2695
2702
2704
2707
2707
2714
2722
2725
2748
2755
2757
2761
2763
2770
2771
2773
2779
2781
2784
2784
2786
2788
2788
2793
2798
2799
2799
2801
2802
2802
2805
2805
2806
2808
2809
2810
2811
2818
2818
2819
2819
2821
2822
2828
2831
2834
2837
2839
2841
2847
2848
2849
2853
2853
2857
2863
2864
2868
2875
2875
2877
2886
2898
2900
2905
2905
2913
2913
2924
2928
2932
2933
2934
2935
2937
2942
2947
2949
2950
2955
2957
2957
2959
2961
2966
2972
2973
2973
2974
2976
2978
2981
2984
2985
2987
2988
2988
2991
2997
2997
2998
3002
3004
3015
3022
3022
3025
3029
3032
3037
3044
3045
3049
3052
3055
3057
3059
3064
3067
3068
3072
3074
3076
3077
3077
3078
3079
3081
3083
3085
3088
3104
3107
3116
3124
3125
3126
3128
3131
3140
3143
3144
3144
3147
3152
3154
3156
3170
3172
3172
3175
3187
3188
3189
3200
3201
3202
3205
3212
3216
3217
3222
3225
3226
3227
3229
3232
3239
3247
3248
3249
3250
3262
3265
3273
3275
3275
3279
3282
3285
3296
3298
3299
3301
3302
3305
3306
3309
3313
3321
3323
3324
3324
3328
3338
3341
3344
3345
3346
3347
3352
3355
3358
3359
3370
3372
3377
3377
3377
3385
3388
3390
3401
3406
3411
3420
3420
3420
3421
3427
3428
3436
3442
3452
3454
3454
3457
3459
3464
3466
3468
3474
3479
3480
3483
3485
3487
3492
3496
3500
3506
3513
3520
3532
3540
3545
3551
3555
3562
3562
3567
3569
3579
3580
3581
3584
3588
3597
3602
3602
3603
3613
3614
3619
3628
3628
3629
3629
3630
3630
3631
3632
3639
3644
3662
3662
3669
3673
3673
3675
3677
3678
3681
3681
3683
3685
3689
3691
3691
3692
3698
3702
3705
3707
3709
3711
3712
3713
3713
3715
3716
3718
3721
3734
3735
3741
3746
3748
3751
3752
3752
3756
3761
3772
3773
3774
3775
3777
3783
3789
3795
3804
3811
3811
3812
3815
3815
3818
3823
3828
3828
3828
3832
3833
3838
3838
3844
3853
3857
3864
3865
3869
3874
3877
3878
3882
3884
3884
3888
3888
3892
3894
3894
3897
3897
3897
3898
3904
3907
3912
3916
3918
3920
3924
3924
3928
3943
3943
3946
3949
3949
3957
3958
3960
3974
3977
3978
3979
3980
3981
3989
3990
4004
4005
4006
4007
4010
4014
4016
4021
4032
4035
4038
4040
4044
4045
4047
4050
4056
4056
4061
4062
4066
4068
4069
4070
4072
4073
4077
4081
4083
4086
4091
4095
4097
4098
4100
4108
4108
4115
4118
4120
4131
4131
4132
4132
4136
4137
4139
4139
4143
4144
4146
4152
4153
4157
4159
4159
4160
4167
4173
4178
4181
4188
4191
4191
4194
4196
4197
4198
4200
4200
4205
4205
4208
4208
4209
4215
4217
4218
4224
4225
4228
4229
4230
4239
4245
4246
4248
4250
4250
4251
4251
4253
4256
4256
4266
4269
4274
4276
4278
4282
4282
4288
4294
4295
4297
4299
4302
4304
4305
4306
4307
4313
4316
4321
4321
4322
4331
4331
4332
4335
4336
4337
4338
4338
4346
4347
4349
4353
4354
4354
4355
4370
4371
4375
4376
4382
4386
4389
4409
4413
4414
4415
4416
4417
4423
4434
4438
4438
4444
4444
4445
4448
4449
4450
4451
4453
4458
4458
4466
4466
4470
4471
4477
4483
4483
4495
4502
4505
4507
4508
4510
4510
4511
4514
4515
4516
4521
4525
4530
4543
4544
4545
4550
4552
4555
4559
4560
4567
4567
4571
4574
4577
4579
4582
4585
4590
4592
4593
4595
4595
4597
4601
4603
4609
4619
4624
4628
4635
4641
4650
4658
4664
4665
4673
4676
4694
4699
4701
4703
4705
4705
4706
4707
4707
4709
4713
4719
4720
4725
4730
4733
4733
4734
4734
4736
4739
4740
4742
4745
4749
4752
4756
4763
4776
4782
4784
4785
4786
4786
4788
4794
4804
4806
4812
4816
4816
4816
4817
4819
4822
4832
4838
4841
4843
4844
4844
4849
4850
4855
4864
4865
4867
4871
4873
4876
4876
4877
4879
4882
4885
4889
4901
4907
4910
4911
4913
4922
4922
4922
4923
4923
4929
4936
4936
4941
4943
4946
4951
4953
4953
4955
4957
4964
4964
4964
4966
4969
4971
4971
4976
4977
4981
4984
4984
4985
4991
4993
5005
5007
5017
5018
5018
5027
5029
5032
5032
5035
5046
5047
5047
5059
5060
5067
5067
5068
5071
5071
5075
5076
5076
5077
5086
5087
5094
5095
5108
5109
5109
5116
5123
5129
5129
5139
5141
5141
5144
5151
5155
5158
5160
5161
5164
5171
5172
5178
5181
5184
5184
5188
5190
5194
5195
5195
5196
5197
5200
5201
5207
5208
5210
5214
5217
5224
5225
5225
5225
5228
5230
5239
5239
5240
5244
5244
5246
5266
5267
5270
5283
5292
5295
5296
5300
5302
5309
5314
5314
5315
5334
5336
5336
5339
5345
5346
5347
5347
5347
5347
5354
5358
5361
5363
5368
5371
5379
5383
5383
5388
5388
5388
5396
5399
5407
5407
5407
5425
5427
5428
5433
5435
5439
5440
5444
5445
5447
5448
5450
5457
5459
5464
5465
5467
5469
5472
5472
5474
5476
5478
5479
5480
5483
5487
5491
5491
5494
5497
5499
5500
5501
5503
5504
5506
5512
5515
5517
5520
5521
5521
5526
5528
5535
5537
5539
5544
5545
5548
5549
5555
5558
5559
5560
5564
5566
5567
5569
5577
5578
5593
5595
5595
5600
5608
5609
5610
5612
5622
5626
5629
5637
5638
5645
5649
5655
5658
5664
5668
5672
5673
5673
5677
5685
5687
5687
5698
5700
5700
5710
5711
5714
5715
5719
5719
5722
5725
5733
5736
5742
5743
5744
5746
5753
5753
5758
5760
5763
5763
5764
5770
5775
5780
5783
5785
5785
5785
5788
5789
5789
5790
5802
5803
5809
5810
5816
5819
5819
5829
5840
5843
5843
5844
5851
5853
5854
5869
5871
5877
5877
5879
5880
5880
5882
5882
5883
5886
5892
5896
5898
5899
5901
5902
5902
5903
5906
5906
5908
5908
5910
5911
5914
5918
5919
5930
5933
5934
5940
5947
5958
5959
5970
5976
5981
5983
5984
5987
5987
5990
5993
5995
5997
5999
6006
6007
6020
6022
6025
6031
6038
6045
6046
6047
6047
6056
6060
6060
6064
6064
6065
6069
6070
6071
6080
6083
6084
6097
6100
6102
6105
6107
6113
6115
6122
6123
6124
6133
6134
6149
6150
6153
6161
6164
6166
6169
6172
6174
6175
6180
6186
6188
6190
6192
6194
6194
6196
6225
6226
6226
6227
6229
6232
6232
6232
6233
6234
6237
6240
6244
6245
6246
6249
6253
6257
6258
6263
6268
6275
6276
6278
6278
6281
6282
6284
6284
6290
6294
6295
6297
6297
6298
6312
6314
6316
6319
6323
6325
6330
6335
6337
6342
6342
6354
6354
6358
6361
6362
6363
6365
6368
6381
6382
6385
6393
6402
6407
6410
6413
6421
6422
6424
6425
6432
6432
6444
6444
6464
6464
6469
6470
6475
6480
6480
6483
6484
6485
6487
6494
6496
6498
6519
6520
6520
6520
6525
6527
6537
6538
6540
6543
6544
6548
6552
6562
6565
6569
6576
6579
6581
6581
6581
6582
6587
6588
6599
6602
6602
6603
6605
6605
6611
6612
6614
6620
6632
6632
6635
6637
6644
6647
6648
6651
6652
6659
6660
6665
6668
6675
6679
6681
6681
6683
6686
6689
6697
6699
6700
6702
6705
6713
6715
6715
6736
6745
6754
6755
6760
6762
6763
6764
6770
6773
6776
6778
6781
6786
6790
6791
6792
6793
6796
6807
6808
6813
6813
6814
6817
6817
6822
6827
6829
6832
6835
6835
6838
6840
6849
6849
6858
6860
6861
6867
6871
6874
6874
6874
6876
6885
6892
6902
6903
6910
6911
6913
6917
6921
6924
6925
6929
6933
6936
6940
6945
6946
6954
6956
6957
6957
6958
6960
6963
6968
6982
6991
6992
6999
7001
7002
7002
7004
7017
7023
7023
7024
7028
7028
7032
7032
7032
7038
7038
7039
7043
7044
7048
7049
7053
7053
7055
7065
7065
7066
7068
7070
7071
7077
7083
7084
7086
7086
7087
7094
7095
7098
7104
7106
7112
7126
7129
7136
7139
7139
7140
7143
7143
7146
7153
7155
7158
7159
7160
7162
7168
7174
7182
7183
7185
7192
7195
7196
7200
7201
7202
7209
7219
7220
7224
7232
7246
7252
7255
7259
7263
7265
7268
7270
7272
7279
7279
7281
7284
7285
7286
7291
7292
7299
7305
7310
7314
7317
7322
7324
7326
7332
7333
7334
7341
7351
7351
7356
7361
7361
7369
7371
7372
7376
7377
7382
7382
7390
7391
7399
7402
7411
7414
7423
7438
7440
7444
7448
7450
7450
7450
7452
7453
7455
7466
7466
7467
7472
7473
7475
7476
7481
7485
7486
7487
7487
7489
7493
7494
7494
7496
7513
7518
7521
7522
7522
7529
7533
7533
7534
7537
7538
7543
7552
7554
7561
7562
7563
7563
7564
7572
7578
7580
7581
7582
7587
7588
7589
7593
7597
7599
7600
7600
7603
7603
7607
7609
7613
7614
7618
7624
7626
7630
7633
7634
7637
7644
7648
7649
7654
7655
7660
7666
7669
7670
7671
7679
7679
7688
7692
7695
7696
7701
7706
7706
7708
7712
7715
7719
7727
7729
7735
7740
7740
7744
7745
7749
7750
7750
7755
7758
7760
7760
7762
7765
7765
7769
7770
7772
7776
7778
7782
7782
7784
7791
7793
7796
7797
7798
7801
7803
7806
7809
7812
7814
7814
7816
7816
7818
7819
7821
7823
7824
7829
7831
7831
7832
7837
7845
7847
7848
7851
7853
7857
7858
7863
7864
7868
7873
7874
7878
7881
7883
7883
7886
7894
7900
7900
7901
7901
7902
7905
7909
7911
7913
7917
7918
7918
7920
7926
7928
7933
7949
7950
7954
7958
7960
7961
7976
7977
7980
7983
7999
8000
8003
8007
8010
8011
8011
8014
8015
8016
8018
8021
8024
8026
8033
8035
8035
8041
8046
8051
8056
8059
8069
8070
8072
8073
8079
8082
8085
8088
8093
8095
8096
8099
8100
8102
8106
8106
8107
8108
8112
8117
8119
8121
8122
8126
8140
8141
8143
8144
8149
8150
8151
8152
8158
8163
8165
8168
8168
8171
8172
8173
8182
8183
8186
8188
8191
8197
8198
8206
8206
8212
8215
8218
8224
8228
8228
8230
8233
8234
8235
8235
8244
8255
8259
8261
8267
8267
8274
8275
8278
8283
8286
8292
8299
8304
8304
8305
8310
8312
8313
8315
8322
8324
8337
8340
8345
8347
8354
8362
8375
8376
8377
8383
8387
8390
8392
8395
8403
8405
8407
8409
8415
8417
8418
8420
8423
8425
8430
8432
8437
8450
8450
8458
8462
8470
8477
8485
8491
8503
8506
8509
8516
8519
8522
8526
8526
8528
8529
8531
8532
8536
8537
8539
8539
8541
8544
8546
8546
8546
8548
8552
8554
8555
8566
8567
8574
8574
8581
8585
8589
8595
8597
8597
8598
8598
8600
8600
8607
8608
8610
8612
8614
8615
8615
8615
8626
8633
8633
8633
8633
8633
8635
8637
8639
8640
8640
8653
8660
8668
8671
8678
8679
8683
8683
8684
8686
8690
8693
8693
8699
8700
8703
8708
8708
8712
8716
8719
8722
8723
8731
8734
8741
8743
8747
8747
8752
8753
8756
8758
8764
8766
8768
8770
8772
8772
8786
8789
8790
8795
8797
8801
8803
8803
8806
8808
8815
8816
8817
8817
8819
8822
8822
8824
8826
8827
8828
8832
8834
8837
8841
8847
8848
8860
8863
8868
8869
8871
8873
8876
8876
8878
8879
8880
8882
8883
8884
8884
8891
8894
8906
8910
8911
8915
8918
8920
8922
8924
8927
8936
8937
8945
8951
8961
8968
8971
8971
8973
8978
8980
8981
8982
8985
8989
8995
9000
9010
9015
9016
9018
9020
9025
9025
9026
9027
9028
9029
9030
9031
9032
9036
9036
9037
9037
9052
9054
9055
9062
9064
9078
9084
9085
9085
9087
9090
9090
9092
9093
9096
9105
9106
9117
9118
9123
9128
9134
9136
9138
9138
9142
9143
9149
9151
9152
9157
9159
9161
9169
9169
9185
9190
9191
9191
9200
9204
9209
9210
9213
9214
9218
9224
9225
9226
9229
9229
9242
9244
9246
9250
9253
9253
9260
9260
9265
9266
9268
9268
9269
9275
9276
9279
9279
9279
9283
9288
9288
9289
9292
9293
9294
9297
9302
9303
9303
9305
9311
9313
9313
9313
9316
9318
9319
9321
9325
9335
9339
9342
9342
9343
9345
9345
9348
9349
9352
9362
9362
9362
9363
9369
9370
9372
9382
9387
9392
9402
9404
9405
9406
9407
9414
9416
9418
9422
9425
9427
9429
9430
9431
9433
9434
9436
9443
9448
9450
9455
9455
9475
9491
9491
9497
9500
9502
9504
9508
9512
9516
9517
9523
9524
9525
9530
9532
9537
9543
9545
9547
9547
9557
9559
9559
9560
9562
9572
9581
9583
9591
9592
9594
9595
9596
9599
9599
9602
9609
9610
9611
9616
9621
9624
9628
9631
9641
9641
9643
9645
9655
9661
9664
9664
9665
9668
9668
9669
9670
9671
9672
9673
9673
9674
9684
9688
9693
9701
9705
9706
9706
9708
9722
9723
9724
9729
9737
9762
9763
9763
9772
9772
9776
9777
9780
9790
9790
9792
9795
9797
9797
9806
9806
9809
9815
9819
9824
9827
9829
9833
9836
9850
9851
9862
9867
9870
9872
9876
9877
9883
9884
9884
9888
9892
9898
9900
9905
9916
9925
9930
9931
9939
9939
9939
9940
9942
9953
9956
9961
9965
9966
9966
9971
9972
9974
9978
9980
9982
9983
9986
9992
9999
10019
10032
10032
10033
10040
10045
10046
10046
10046
10047
10048
10050
10058
10063
10065
10068
10072
10075
10078
10078
10085
10089
10090
10090
10092
10092
10093
10097
10097
10098
10100
10102
10102
10104
10107
10107
10109
10109
10113
10116
10118
10124
10125
10128
10128
10131
10133
10135
10144
10145
10148
10149
10153
10157
10158
10161
10162
10164
10168
10177
10180
10181
10194
10197
10202
10202
10207
10211
10216
10217
10219
10222
10226
10227
10230
10232
10236
10246
10250
10254
10254
10256
10260
10261
10262
10263
10279
10281
10282
10289
10295
10295
10296
10296
10297
10298
10302
10308
10309
10312
10313
10313
10314
10317
10328
10330
10331
10337
10344
10352
10352
10354
10361
10363
10364
10367
10373
10376
10381
10382
10391
10391
10393
10394
10408
10409
10413
10419
10437
10438
10439
10441
10441
10444
10451
10451
10454
10456
10469
10471
10472
10474
10478
10479
10483
10488
10489
10490
10492
10493
10494
10495
10497
10498
10498
10499
10500
10504
10507
10510
10510
10515
10515
10516
10523
10534
10537
10539
10541
10543
10550
10553
10557
10558
10566
10569
10574
10576
10578
10580
10580
10582
10586
10586
10587
10590
10593
10609
10612
10624
10624
10630
10637
10639
10641
10641
10645
10648
10652
10652
10652
10653
10653
10653
10654
10655
10661
10661
10662
10664
10668
10679
10680
10685
10686
10688
10689
10694
10704
10705
10719
10727
10727
10728
10729
10737
10740
10744
10744
10747
10764
10765
10768
10768
10777
10781
10783
10788
10791
10799
10801
10801
10802
10803
10808
10811
10811
10819
10825
10827
10827
10827
10829
10830
10834
10840
10840
10844
10847
10847
10850
10851
10851
10857
10864
10869
10871
10872
10884
10887
10888
10888
10893
10900
10904
10905
10905
10907
10911
10914
10923
10927
10928
10930
10937
10940
10940
10943
10944
10950
10957
10959
10964
10966
10968
10968
10974
10978
10979
10979
10983
10983
10987
10989
10993
10996
10997
11008
11013
11014
11015
11015
11017
11022
11023
11029
11029
11036
11038
11040
11041
11045
11046
11046
11050
11052
11053
11054
11057
11058
11058
11072
11074
11074
11075
11079
11080
11085
11088
11089
11092
11097
11103
11105
11106
11111
11116
11119
11120
11123
11126
11128
11131
11138
11149
11151
11151
11154
11154
11157
11158
11164
11165
11167
11173
11180
11184
11186
11186
11186
11192
11201
11203
11220
11221
11221
11225
11225
11230
11234
11236
11247
11248
11251
11254
11257
11259
11261
11266
11268
11269
11270
11278
11279
11284
11290
11291
11294
11296
11303
11304
11307
11308
11308
11309
11311
11312
11314
11315
11330
11332
11332
11332
11333
11335
11340
11349
11351
11355
11355
11356
11356
11367
11373
11379
11391
11397
11405
11406
11416
11417
11427
11428
11430
11435
11436
11438
11441
11442
11443
11447
11450
11465
11467
11469
11473
11476
11489
11494
11497
11497
11502
11507
11509
11510
11511
11512
11513
11513
11513
11515
11524
11531
11531
11533
11534
11536
11540
11545
11552
11559
11559
11567
11570
11576
11578
11583
11583
11585
11586
11589
11597
11599
11604
11604
11606
11610
11610
11612
11612
11617
11628
11629
11635
11635
11639
11642
11645
11647
11647
11648
11649
11655
11656
11656
11658
11680
11683
11685
11688
11693
11693
11698
11701
11703
11710
11712
11722
11729
11737
11738
11738
11739
11741
11744
11746
11749
11751
11752
11753
11766
11770
11770
11771
11772
11785
11793
11795
11796
11798
11800
11801
11809
11810
11811
11813
11817
11818
11820
11823
11824
11825
11829
11829
11835
11836
11838
11839
11841
11843
11844
11848
11854
11861
11863
11872
11872
11872
11877
11879
11879
11881
11883
11893
11900
11904
11911
11913
11918
11922
11936
11950
11951
11953
11957
11959
11961
11961
11962
11962
11963
11968
11969
11970
11972
11973
11975
11980
11981
11982
11986
11986
11986
11986
11987
11989
11998
11999
11999
12004
12007
12016
12016
12016
12017
12028
12029
12034
12044
12047
12047
12048
12051
12054
12054
12057
12058
12066
12068
12069
12075
12090
12090
12090
12092
12096
12097
12100
12101
12101
12104
12104
12110
12110
12111
12112
12119
12121
12122
12123
12131
12132
12133
12134
12135
12135
12140
12146
12146
12149
12150
12151
12151
12156
12162
12166
12169
12169
12173
12178
12188
12188
12190
12199
12200
12201
12204
12206
12223
12224
12231
12233
12236
12242
12244
12250
12254
12255
12259
12262
12263
12263
12263
12264
12266
12266
12266
12269
12275
12276
12283
12283
12285
12288
12289
12298
12300
12301
12304
12314
12314
12315
12316
12316
12318
12323
12326
12331
12331
12333
12334
12334
12349
12354
12358
12362
12366
12367
12369
12369
12371
12376
12381
12385
12386
12388
12391
12392
12397
12407
12408
12409
12412
12415
12415
12418
12418
12428
12429
12432
12433
12440
12446
12448
12466
12473
12475
12477
12478
12478
12480
12486
12487
12490
12491
12495
12496
12496
12499
12499
12499
12501
12503
12512
12518
12521
12524
12530
12531
12534
12536
12538
12539
12541
12545
12545
12547
12547
12548
12560
12566
12570
12571
12572
12574
12574
12576
12585
12590
12595
12597
12598
12600
12601
12605
12619
12630
12632
12633
12647
12647
12648
12665
12667
12668
12670
12675
12677
12680
12683
12691
12697
12699
12702
12705
12706
12707
12708
12709
12721
12722
12724
12726
12726
12727
12727
12732
12737
12738
12743
12747
12749
12757
12760
12764
12773
12773
12780
12780
12780
12781
12782
12787
12787
12790
12799
12801
12802
12803
12806
12807
12807
12808
12810
12818
12828
12829
12834
12835
12836
12837
12837
12838
12838
12844
12845
12851
12861
12869
12870
12871
12874
12877
12878
12880
12887
12887
12890
12890
12894
12910
12915
12928
12929
12936
12939
12945
12952
12961
12962
12968
12968
12969
12970
12971
12974
12979
12985
12987
12993
12997
12997
12998
12998
13000
13002
13008
13017
13022
13027
13029
13045
13055
13058
13061
13062
13070
13070
13072
13074
13077
13084
13088
13090
13091
13099
13099
13107
13111
13114
13114
13118
13119
13124
13126
13127
13129
13134
13139
13141
13141
13159
13160
13160
13161
13161
13162
13166
13170
13170
13175
13181
13182
13190
13198
13199
13200
13200
13214
13219
13221
13225
13227
13229
13229
13230
13242
13242
13247
13249
13267
13270
13272
13273
13275
13285
13286
13294
13296
13298
13300
13306
13308
13309
13315
13316
13319
13319
13324
13326
13327
13327
13336
13337
13339
13346
13357
13360
13363
13379
13381
13382
13383
13391
13392
13394
13396
13397
13406
13414
13415
13417
13426
13429
13437
13440
13444
13450
13450
13454
13460
13463
13465
13467
13472
13478
13479
13482
13486
13498
13501
13501
13503
13503
13503
13528
13530
13536
13537
13549
13551
13561
13562
13563
13563
13569
13570
13572
13573
13576
13578
13584
13590
13590
13597
13600
13605
13606
13606
13608
13609
13610
13611
13614
13617
13619
13621
13623
13630
13632
13633
13637
13640
13641
13645
13645
13646
13646
13647
13648
13650
13657
13659
13660
13661
13665
13674
13679
13680
13684
13687
13687
13688
13690
13690
13703
13707
13707
13711
13712
13712
13712
13713
13716
13716
13717
13719
13723
13726
13727
13728
13732
13733
13734
13736
13737
13738
13738
13741
13741
13747
13749
13749
13750
13757
13758
13760
13765
13766
13767
13768
13772
13772
13777
13781
13784
13788
13798
13810
13811
13813
13818
13820
13831
13831
13833
13834
13840
13852
13862
13864
13872
13873
13874
13875
13875
13876
13877
13879
13882
13884
13890
13892
13895
13896
13900
13905
13906
13907
13908
13911
13913
13916
13916
13917
13926
13926
13929
13937
13939
13948
13949
13950
13952
13953
13954
13956
13956
13962
13964
13966
13976
13977
13979
13979
13979
13982
13988
13995
13997
14005
14006
14015
14017
14018
14019
14020
14022
14031
14031
14033
14039
14056
14059
14062
14062
14063
14065
14071
14075
14080
14080
14081
14088
14089
14091
14093
14096
14105
14108
14109
14114
14118
14121
14124
14125
14134
14139
14139
14140
14140
14146
14147
14150
14150
14157
14157
14161
14163
14168
14176
14180
14180
14180
14198
14199
14205
14211
14215
14220
14220
14222
14229
14231
14234
14234
14236
14237
14242
14247
14247
14251
14255
14257
14259
14261
14262
14264
14264
14270
14272
14276
14278
14284
14287
14299
14301
14302
14303
14315
14334
14341
14348
14352
14355
14356
14360
14361
14365
14365
14367
14369
14371
14373
14378
14380
14391
14394
14394
14397
14402
14404
14406
14406
14407
14410
14414
14416
14416
14418
14422
14423
14423
14426
14434
14435
14445
14446
14448
14448
14449
14451
14451
14454
14458
14460
14467
14473
14474
14482
14483
14489
14489
14490
14492
14496
14500
14512
14512
14515
14517
14518
14520
14523
14528
14528
14537
14546
14547
14555
14558
14559
14567
14576
14581
14587
14599
14602
14604
14611
14612
14618
14628
14628
14630
14636
14636
14645
14646
14647
14648
14652
14655
14656
14656
14659
14660
14663
14665
14666
14668
14671
14680
14690
14697
14697
14700
14703
14710
14710
14710
14718
14719
14732
14733
14739
14743
14748
14753
14754
14755
14756
14760
14762
14763
14766
14766
14771
14778
14779
14779
14789
14792
14794
14795
14797
14804
14804
14804
14809
14810
14812
14814
14819
14820
14823
14825
14833
14837
14840
14841
14843
14844
14846
14864
14864
14869
14870
14874
14874
14879
14881
14882
14883
14885
14885
14886
14887
14889
14894
14895
14899
14905
14910
14912
14919
14935
14937
14942
14946
14946
14950
14954
14959
14962
14963
14963
14968
14969
14970
14973
14973
14975
14979
14981
14982
14983
14984
14988
14993
14993
15001
15013
15014
15015
15016
15017
15022
15022
15030
15046
15058
15059
15061
15062
15064
15067
15071
15078
15085
15085
15086
15089
15094
15094
15104
15105
15108
15109
15112
15112
15114
15114
15114
15118
15121
15127
15130
15135
15135
15144
15145
15146
15146
15148
15149
15157
15158
15158
15158
15163
15164
15166
15169
15175
15181
15183
15193
15194
15195
15195
15199
15201
15203
15212
15214
15217
15221
15223
15224
15224
15225
15233
15234
15235
15239
15249
15254
15255
15259
15262
15262
15264
15265
15266
15269
15278
15278
15279
15281
15283
15289
15291
15293
15296
15306
15309
15311
15313
15316
15316
15317
15322
15330
15333
15335
15339
15341
15343
15343
15347
15348
15353
15355
15357
15366
15376
15376
15378
15381
15382
15384
15406
15408
15409
15415
15415
15419
15422
15426
15432
15432
15433
15434
15437
15449
15452
15459
15465
15465
15467
15467
15478
15483
15489
15494
15498
15498
15502
15502
15504
15510
15511
15511
15512
15516
15522
15529
15529
15535
15536
15540
15540
15543
15543
15544
15545
15548
15549
15555
15555
15557
15574
15586
15590
15596
15599
15601
15604
15605
15605
15608
15612
15614
15614
15618
15618
15618
15625
15630
15635
15639
15643
15647
15653
15664
15664
15666
15670
15672
15673
15677
15678
15680
15683
15684
15697
15702
15704
15704
15710
15712
15715
15716
15716
15724
15724
15725
15733
15734
15737
15737
15737
15740
15743
15745
15745
15746
15747
15747
15750
15751
15762
15773
15774
15774
15777
15779
15785
15785
15785
15786
15789
15795
15795
15796
15800
15803
15806
15809
15810
15814
15817
15817
15821
15825
15833
15834
15837
15837
15838
15843
15844
15844
15850
15852
15855
15855
15857
15860
15863
15867
15869
15872
15872
15875
15876
15879
15881
15883
15883
15884
15886
15888
15889
15895
15896
15898
15899
15908
15916
15923
15930
15938
15953
15956
15958
15961
15963
15963
15964
15965
15968
15971
15971
15974
15978
15978
15981
15997
15999
16000
16000
16009
16015
16015
16016
16023
16023
16027
16038
16039
16042
16047
16048
16049
16049
16051
16054
16058
16059
16060
16064
16065
16067
16071
16072
16074
16080
16084
16091
16095
16095
16097
16098
16102
16108
16108
16109
16109
16117
16120
16121
16125
16128
16129
16135
16138
16143
16151
16152
16152
16152
16157
16160
16162
16164
16165
16165
16166
16167
16171
16172
16177
16181
16190
16190
16194
16197
16204
16206
16209
16212
16213
16217
16217
16219
16226
16226
16228
16231
16232
16233
16234
16235
16239
16242
16250
16252
16258
16258
16260
16268
16270
16270
16271
16277
16277
16277
16282
16287
16288
16292
16292
16294
16303
16305
16307
16316
16318
16319
16320
16322
16323
16325
16327
16330
16342
16347
16351
16351
16355
16358
16360
16362
16369
16372
16374
16376
16376
16378
16380
16389
16395
16397
16399
16401
16401
16402
16407
16410
16411
16412
16421
16422
16422
16432
16434
16438
16445
16445
16448
16449
16452
16454
16461
16465
16467
16467
16468
16473
16480
16488
16495
16495
16497
16498
16500
16504
16508
16508
16509
16512
16517
16521
16524
16528
16530
16530
16534
16536
16543
16545
16545
16546
16546
16549
16559
16559
16562
16568
16580
16583
16594
16596
16598
16612
16613
16616
16621
16624
16627
16627
16628
16630
16631
16636
16638
16642
16643
16643
16644
16653
16653
16657
16660
16667
16668
16672
16673
16676
16685
16691
16692
16695
16696
16696
16698
16703
16711
16719
16720
16721
16722
16728
16731
16735
16742
16747
16755
16761
16767
16768
16769
16771
16772
16783
16785
16791
16793
16794
16801
16803
16812
16814
16818
16819
16820
16824
16825
16827
16828
16836
16840
16841
16843
16845
16846
16850
16852
16856
16865
16866
16870
16873
16879
16880
16880
16883
16886
16887
16887
16888
16894
16895
16896
16901
16911
16916
16919
16919
16933
16933
16938
16941
16942
16943
16946
16950
16952
16954
16965
16966
16978
16979
16982
16985
16986
16987
16989
16993
16996
16996
16997
16999
17006
17007
17010
17011
17013
17018
17029
17029
17034
17036
17036
17037
17042
17042
17044
17046
17047
17054
17054
17056
17057
17062
17063
17065
17068
17069
17069
17075
17076
17077
17086
17086
17086
17091
17092
17092
17094
17094
17095
17097
17101
17105
17105
17107
17108
17111
17113
17115
17116
17116
17123
17127
17132
17133
17134
17134
17135
17137
17138
17140
17140
17141
17145
17150
17151
17154
17156
17162
17164
17167
17178
17180
17180
17183
17186
17186
17186
17190
17193
17195
17196
17200
17202
17206
17223
17227
17231
17231
17232
17233
17239
17243
17249
17252
17254
17258
17263
17269
17270
17272
17275
17277
17278
17283
17284
17285
17295
17299
17301
17303
17305
17306
17310
17310
17314
17315
17323
17323
17326
17326
17327
17332
17335
17337
17355
17358
17360
17363
17365
17367
17372
17383
17383
17384
17388
17394
17395
17399
17407
17410
17412
17416
17418
17418
17429
17431
17431
17436
17438
17440
17440
17446
17448
17453
17456
17462
17463
17465
17467
17467
17468
17482
17488
17489
17491
17493
17503
17509
17516
17516
17526
17527
17529
17530
17534
17535
17539
17540
17545
17548
17555
17556
17558
17559
17559
17560
17565
17568
17571
17574
17577
17579
17589
17591
17593
17595
17604
17608
17609
17614
17615
17624
17634
17638
17638
17641
17645
17650
17652
17658
17666
17673
17674
17675
17675
17677
17678
17683
17684
17689
17689
17689
17689
17691
17691
17692
17696
17710
17710
17712
17712
17712
17715
17716
17718
17719
17720
17721
17730
17734
17735
17736
17741
17743
17748
17754
17759
17762
17762
17763
17764
17773
17776
17777
17778
17780
17781
17781
17790
17795
17797
17799
17801
17805
17809
17811
17814
17823
17825
17831
17832
17833
17834
17835
17838
17840
17841
17843
17843
17863
17869
17871
17876
17876
17876
17876
17877
17879
17885
17885
17890
17892
17897
17898
17902
17907
17909
17919
17920
17923
17923
17926
17928
17929
17930
17934
17938
17947
17949
17957
17957
17957
17959
17959
17960
17960
17962
17963
17965
17967
17969
17970
17976
17977
17980
17993
17993
17993
17996
18000
18005
18007
18009
18011
18011
18032
18035
18036
18039
18054
18058
18058
18058
18063
18064
18066
18066
18067
18067
18069
18079
18083
18085
18086
18095
18099
18101
18103
18106
18107
18110
18112
18113
18113
18118
18119
18121
18136
18136
18137
18139
18140
18152
18155
18156
18169
18176
18179
18180
18181
18190
18198
18205
18206
18216
18224
18225
18227
18228
18230
18231
18233
18234
18235
18236
18236
18237
18244
18246
18254
18255
18255
18256
18259
18260
18266
18267
18275
18287
18297
18297
18299
18303
18306
18315
18316
18317
18318
18320
18327
18329
18332
18334
18334
18336
18338
18338
18339
18343
18347
18350
18354
18356
18356
18359
18360
18363
18369
18371
18372
18377
18378
18383
18384
18385
18391
18396
18398
18401
18405
18405
18411
18411
18412
18413
18415
18416
18419
18420
18425
18426
18427
18435
18439
18439
18444
18444
18445
18445
18449
18452
18453
18453
18458
18464
18465
18469
18474
18477
18479
18481
18484
18485
18496
18500
18501
18502
18512
18515
18518
18518
18520
18524
18529
18529
18530
18547
18550
18553
18557
18560
18561
18562
18563
18563
18564
18566
18568
18568
18574
18580
18582
18583
18586
18594
18594
18604
18612
18614
18617
18618
18625
18629
18633
18635
18638
18644
18647
18648
18652
18653
18655
18656
18658
18662
18681
18683
18685
18688
18688
18690
18695
18699
18701
18718
18724
18725
18727
18728
18732
18739
18748
18753
18757
18759
18759
18762
18764
18766
18780
18788
18798
18804
18804
18809
18810
18812
18814
18816
18816
18817
18819
18826
18826
18835
18836
18842
18844
18844
18852
18855
18861
18861
18866
18868
18872
18872
18876
18886
18892
18893
18893
18900
18902
18909
18910
18914
18914
18923
18927
18934
18936
18944
18946
18949
18952
18952
18959
18963
18966
18970
18975
18980
18990
18991
18995
19000
19004
19006
19008
19008
19012
19014
19015
19017
19021
19021
19021
19021
19036
19038
19039
19042
19043
19046
19047
19047
19052
19053
19060
19061
19061
19065
19067
19067
19068
19074
19074
19079
19082
19082
19085
19086
19088
19094
19100
19111
19111
19112
19113
19126
19127
19127
19130
19132
19132
19133
19135
19135
19137
19141
19147
19148
19148
19152
19159
19160
19166
19169
19180
19185
19192
19192
19192
19201
19206
19210
19221
19225
19232
19232
19234
19240
19241
19251
19256
19265
19267
19269
19271
19277
19278
19279
19283
19284
19284
19285
19287
19296
19301
19317
19319
19326
19329
19335
19344
19345
19350
19351
19355
19370
19372
19372
19376
19379
19386
19386
19398
19402
19412
19413
19414
19425
19429
19431
19438
19446
19448
19456
19461
19461
19462
19462
19467
19470
19474
19483
19487
19495
19497
19497
19501
19501
19503
19506
19510
19512
19514
19514
19519
19524
19526
19530
19531
19532
19535
19538
19540
19541
19551
19559
19563
19564
19573
19583
19584
19590
19591
19596
19600
19600
19604
19612
19628
19632
19632
19635
19643
19643
19647
19649
19650
19652
19653
19659
19661
19663
19663
19666
19669
19670
19676
19676
19677
19684
19695
19696
19700
19702
19705
19712
19718
19726
19727
19736
19736
19737
19745
19746
19747
19749
19751
19753
19762
19765
19766
19770
19779
19781
19792
19794
19795
19797
19798
19799
19802
19810
19812
19819
19822
19825
19826
19828
19834
19836
19837
19842
19844
19844
19844
19844
19847
19852
19855
19856
19857
19857
19862
19866
19867
19870
19870
19871
19881
19888
19891
19891
19903
19903
19907
19910
19910
19917
19922
19933
19936
19936
19949
19949
19951
19951
19953
19953
19954
19957
19960
19962
19962
19964
19965
19967
19967
19970
19974
19975
19977
19985
19986
19993
19996
