1
4
4
5
7
9
13
17
19
22
23
25
26
29
29
29
32
32
34
34
35
35
36
41
43
45
46
47
48
52
56
57
57
61
62
62
62
63
79
91
92
93
102
102
105
105
107
118
120
124
127
130
136
139
144
147
148
148
149
157
161
163
163
166
167
168
170
172
173
174
175
179
183
184
185
186
187
190
191
195
200
201
205
205
208
209
211
213
216
222
223
224
224
225
227
231
231
234
240
244
246
247
248
249
249
249
252
258
260
261
262
268
270
271
274
276
276
285
286
286
291
291
291
294
299
301
301
302
307
308
309
310
310
314
318
319
320
325
326
327
327
327
328
329
329
330
330
334
335
339
341
342
343
343
347
349
350
354
357
358
364
365
373
374
374
379
386
388
390
392
393
395
396
398
399
402
407
408
409
412
413
414
417
417
422
423
426
429
430
430
430
434
434
436
436
437
437
441
451
452
455
457
458
460
462
466
467
469
470
474
474
477
481
482
483
487
489
491
493
494
496
497
500
502
503
503
503
504
505
508
511
511
520
524
524
527
528
528
530
530
532
538
538
545
546
548
553
555
558
561
563
565
571
573
576
577
581
582
583
587
587
588
592
596
597
597
597
600
602
612
614
617
620
620
624
630
634
635
635
636
636
639
644
646
648
650
650
651
652
653
655
655
655
657
660
661
663
664
665
666
667
669
669
670
670
673
676
678
678
678
678
682
682
683
685
685
687
687
689
689
691
691
694
695
695
696
697
702
703
707
708
710
713
715
717
718
724
724
725
726
726
728
729
730
734
737
739
740
741
745
749
753
754
754
754
755
756
759
761
762
763
764
765
772
772
778
778
778
784
785
786
787
790
791
792
793
795
798
808
811
813
818
820
822
826
826
826
828
829
833
833
836
837
837
838
839
840
841
845
847
847
848
849
850
852
853
854
857
859
863
864
867
867
868
873
875
877
878
880
884
884
884
885
887
887
891
893
897
898
900
900
901
901
902
905
906
909
913
914
917
917
919
920
920
920
921
921
924
930
932
932
935
937
943
944
947
948
952
953
966
973
975
976
979
979
980
981
982
982
990
991
991
992
994
996
1005
1006
1009
1010
1010
1011
1011
1011
1012
1013
1019
1020
1022
1022
1023
1025
1026
1028
1029
1034
1036
1042
1042
1047
1047
1047
1049
1050
1056
1059
1062
1063
1064
1066
1071
1075
1078
1080
1085
1091
1093
1093
1095
1099
1101
1101
1102
1104
1111
1114
1116
1118
1119
1122
1126
1127
1130
1130
1131
1131
1138
1139
1140
1141
1141
1141
1142
1143
1144
1144
1147
1148
1149
1156
1158
1159
1161
1161
1161
1163
1165
1172
1176
1177
1178
1178
1181
1182
1186
1189
1189
1190
1193
1194
1194
1195
1196
1196
1197
1198
1200
1202
1204
1205
1205
1206
1208
1208
1212
1213
1220
1222
1222
1224
1224
1226
1227
1228
1228
1235
1235
1236
1237
1239
1240
1243
1246
1248
1248
1249
1249
1250
1254
1255
1258
1260
1263
1263
1266
1266
1267
1267
1271
1271
1273
1273
1280
1283
1284
1284
1286
1286
1286
1287
1293
1293
1297
1299
1299
1300
1301
1303
1303
1304
1304
1306
1315
1317
1317
1318
1319
1322
1324
1324
1326
1332
1336
1337
1337
1341
1343
1344
1352
1356
1357
1359
1361
1363
1363
1368
1368
1368
1373
1375
1377
1378
1381
1382
1382
1383
1383
1385
1386
1389
1391
1397
1401
1401
1402
1405
1405
1406
1411
1411
1413
1418
1427
1431
1431
1432
1433
1434
1436
1448
1450
1452
1453
1455
1455
1455
1456
1456
1461
1464
1465
1469
1470
1471
1471
1475
1476
1483
1483
1487
1487
1488
1488
1500
1500
1501
1505
1506
1513
1519
1520
1523
1530
1531
1535
1538
1541
1541
1543
1546
1548
1549
1549
1554
1554
1567
1569
1570
1572
1572
1575
1576
1581
1581
1584
1588
1588
1589
1594
1595
1597
1597
1598
1599
1599
1602
1604
1604
1606
1607
1607
1609
1609
1611
1612
1616
1616
1618
1624
1626
1628
1632
1632
1635
1636
1638
1639
1643
1643
1643
1649
1650
1652
1652
1655
1656
1659
1659
1662
1667
1667
1667
1668
1669
1679
1679
1683
1688
1688
1690
1693
1695
1698
1700
1701
1704
1704
1704
1706
1710
1711
1714
1717
1721
1724
1726
1726
1727
1733
1733
1741
1741
1743
1744
1746
1746
1753
1755
1756
1761
1761
1762
1762
1764
1767
1768
1768
1772
1773
1774
1776
1779
1780
1780
1780
1781
1782
1786
1786
1787
1787
1790
1791
1793
1795
1800
1802
1803
1803
1809
1810
1812
1813
1814
1816
1818
1819
1824
1825
1827
1829
1829
1830
1834
1837
1839
1841
1841
1841
1842
1843
1849
1850
1853
1858
1863
1865
1866
1868
1869
1874
1877
1880
1880
1880
1881
1882
1889
1893
1898
1902
1903
1903
1906
1906
1906
1912
1914
1915
1915
1918
1919
1921
1924
1924
1924
1926
1929
1930
1931
1932
1936
1936
1936
1936
1938
1940
1940
1944
1944
1948
1952
1952
1952
1954
1958
1960
1961
1963
1966
1968
1970
1971
1972
1973
1974
1975
1976
1977
1980
1984
1988
1989
1991
1995
1995
1999
2002
2003
2006
2006
2007
2008
2010
2010
2012
2012
2017
2018
2027
2030
2036
2036
2037
2038
2040
2040
2045
2047
2048
2051
2056
2057
2058
2061
2063
2064
2066
2069
2070
2073
2075
2079
2079
2080
2081
2084
2088
2092
2093
2094
2095
2099
2104
2108
2112
2113
2113
2115
2118
2120
2120
2120
2121
2121
2124
2124
2125
2129
2130
2130
2133
2137
2137
2140
2141
2141
2143
2144
2144
2147
2150
2150
2150
2153
2153
2158
2158
2160
2162
2166
2167
2167
2168
2169
2169
2172
2173
2175
2178
2179
2181
2183
2183
2186
2186
2189
2189
2190
2193
2196
2196
2199
2201
2202
2203
2203
2204
2208
2209
2209
2211
2214
2216
2217
2218
2218
2218
2220
2220
2221
2221
2222
2225
2225
2226
2228
2229
2229
2231
2232
2233
2236
2236
2242
2247
2248
2249
2251
2252
2253
2253
2259
2260
2262
2262
2263
2264
2267
2269
2271
2272
2272
2276
2277
2279
2280
2282
2283
2289
2292
2293
2293
2293
2295
2297
2297
2298
2298
2298
2302
2302
2304
2304
2307
2307
2308
2308
2309
2311
2312
2312
2313
2315
2315
2318
2319
2319
2322
2322
2324
2325
2328
2330
2337
2337
2338
2343
2345
2345
2348
2349
2350
2351
2353
2363
2370
2372
2372
2374
2375
2376
2385
2386
2386
2388
2390
2392
2395
2402
2403
2404
2406
2411
2415
2415
2417
2418
2418
2423
2425
2429
2430
2432
2440
2441
2447
2449
2457
2457
2459
2460
2462
2463
2464
2464
2466
2470
2472
2473
2477
2480
2482
2484
2487
2491
2493
2496
2498
2498
2499
2505
2509
2511
2516
2516
2520
2523
2531
2531
2536
2538
2539
2539
2543
2544
2547
2547
2548
2551
2556
2561
2562
2564
2566
2569
2574
2574
2576
2576
2577
2581
2581
2582
2583
2583
2588
2597
2598
2604
2606
2609
2612
2612
2613
2615
2617
2621
2621
2628
2629
2634
2634
2635
2635
2635
2637
2639
2640
2642
2648
2659
2659
2662
2663
2664
2664
2665
2666
2666
2668
2668
2669
2669
2670
2671
2672
2677
2677
2678
2678
2679
2681
2682
2686
2687
2688
2688
2689
2694
2694
2699
2701
2704
2705
2706
2708
2708
2709
2709
2721
2722
2724
2725
2725
2726
2727
2728
2730
2731
2733
2733
2735
2736
2737
2741
2742
2742
2744
2745
2748
2749
2751
2752
2757
2759
2761
2767
2769
2771
2776
2777
2778
2779
2784
2785
2787
2790
2791
2791
2791
2794
2795
2795
2796
2799
2800
2802
2803
2811
2814
2816
2819
2821
2825
2825
2829
2834
2834
2837
2838
2839
2839
2841
2845
2846
2848
2849
2850
2851
2854
2855
2858
2859
2859
2861
2863
2863
2864
2876
2877
2877
2879
2880
2880
2880
2881
2882
2883
2883
2884
2887
2895
2896
2902
2906
2908
2910
2910
2912
2914
2914
2920
2921
2921
2923
2925
2932
2932
2932
2936
2936
2937
2940
2942
2942
2942
2943
2947
2948
2948
2949
2949
2952
2953
2956
2967
2969
2971
2971
2974
2974
2976
2976
2981
2982
2982
2985
2985
2985
2986
2988
2989
2989
2991
2992
2992
2993
2996
2999
2999
3001
3002
3003
3004
3005
3009
3012
3014
3016
3019
3019
3028
3031
3034
3039
3044
3045
3045
3045
3045
3046
3047
3053
3054
3056
3057
3057
3073
3076
3078
3080
3080
3084
3089
3090
3091
3092
3095
3102
3102
3102
3104
3106
3107
3108
3112
3113
3116
3122
3127
3128
3129
3133
3133
3133
3134
3141
3143
3145
3146
3158
3158
3160
3160
3161
3165
3169
3171
3171
3174
3175
3176
3176
3180
3180
3181
3181
3183
3183
3187
3189
3193
3195
3195
3196
3197
3198
3199
3206
3207
3207
3210
3213
3213
3215
3215
3217
3218
3218
3219
3222
3223
3226
3226
3227
3227
3228
3229
3232
3233
3234
3234
3235
3236
3238
3238
3243
3245
3248
3252
3252
3255
3256
3259
3263
3265
3267
3270
3272
3272
3273
3275
3280
3283
3283
3283
3283
3283
3284
3287
3288
3288
3289
3291
3296
3297
3298
3302
3302
3303
3303
3308
3318
3321
3325
3327
3329
3330
3330
3332
3332
3333
3335
3336
3339
3340
3344
3345
3345
3348
3349
3349
3350
3353
3353
3354
3358
3358
3359
3360
3362
3363
3365
3365
3367
3369
3370
3370
3372
3372
3377
3381
3381
3382
3384
3389
3390
3393
3398
3400
3402
3403
3404
3404
3406
3406
3408
3411
3412
3412
3415
3416
3418
3419
3424
3424
3425
3426
3429
3430
3434
3437
3440
3443
3446
3446
3447
3449
3453
3453
3454
3454
3454
3456
3462
3463
3465
3466
3467
3471
3471
3472
3473
3475
3475
3475
3476
3477
3482
3482
3484
3485
3486
3487
3491
3492
3492
3493
3494
3495
3495
3499
3499
3500
3503
3507
3509
3509
3511
3520
3524
3526
3532
3533
3538
3542
3543
3544
3549
3549
3553
3553
3554
3555
3556
3556
3560
3560
3560
3561
3562
3562
3563
3563
3564
3565
3565
3568
3568
3569
3571
3571
3574
3575
3577
3583
3584
3586
3587
3588
3589
3590
3590
3591
3593
3599
3600
3600
3601
3601
3602
3602
3605
3606
3609
3611
3612
3613
3615
3616
3619
3620
3620
3623
3624
3626
3630
3631
3636
3637
3639
3645
3645
3647
3649
3650
3650
3653
3656
3657
3660
3661
3664
3668
3668
3671
3680
3688
3689
3690
3690
3691
3700
3704
3707
3709
3712
3713
3719
3721
3724
3725
3727
3728
3730
3731
3731
3736
3736
3737
3737
3737
3742
3743
3744
3746
3750
3751
3752
3754
3756
3757
3759
3760
3761
3763
3766
3768
3768
3771
3775
3775
3776
3776
3777
3779
3780
3784
3786
3786
3787
3789
3790
3792
3793
3796
3796
3798
3798
3801
3809
3811
3812
3815
3816
3819
3821
3821
3822
3824
3824
3825
3825
3827
3828
3830
3834
3834
3836
3841
3841
3842
3842
3843
3844
3849
3853
3856
3863
3863
3867
3868
3869
3871
3877
3877
3877
3878
3884
3885
3885
3886
3887
3899
3904
3905
3907
3908
3914
3916
3916
3918
3922
3923
3924
3924
3926
3927
3927
3930
3930
3933
3941
3944
3948
3948
3948
3950
3950
3950
3951
3951
3952
3952
3953
3956
3956
3957
3960
3964
3965
3972
3974
3974
3974
3979
3982
3982
3985
3988
3992
3993
3996
3996
3997
3997
3998
3998
4001
4004
4005
4007
4009
4010
4018
4019
4020
4020
4022
4026
4027
4029
4031
4034
4038
4039
4042
4044
4045
4046
4051
4052
4054
4058
4060
4061
4063
4064
4070
4072
4072
4073
4076
4078
4083
4084
4085
4086
4087
4087
4087
4087
4088
4090
4093
4096
4097
4099
4105
4106
4106
4107
4107
4109
4112
4114
4115
4119
4119
4120
4121
4122
4124
4126
4127
4129
4133
4133
4134
4135
4136
4140
4144
4145
4146
4148
4148
4148
4151
4151
4152
4152
4155
4162
4165
4167
4171
4171
4172
4174
4174
4174
4176
4177
4178
4179
4189
4193
4196
4198
4200
4207
4212
4214
4218
4226
4232
4232
4237
4241
4241
4242
4243
4243
4254
4254
4256
4259
4259
4260
4267
4273
4273
4274
4282
4285
4287
4287
4288
4290
4292
4293
4295
4296
4297
4300
4300
4301
4304
4305
4305
4308
4309
4316
4317
4318
4324
4324
4325
4327
4327
4329
4333
4335
4335
4336
4342
4350
4353
4363
4367
4371
4374
4376
4376
4377
4377
4378
4380
4380
4383
4384
4384
4385
4387
4387
4387
4387
4390
4390
4391
4397
4398
4405
4408
4410
4411
4413
4413
4415
4418
4418
4420
4422
4424
4425
4427
4427
4428
4429
4430
4431
4434
4435
4439
4439
4440
4441
4442
4444
4446
4449
4449
4451
4451
4451
4452
4454
4454
4456
4460
4460
4461
4463
4463
4464
4464
4464
4466
4469
4474
4483
4486
4488
4491
4492
4495
4499
4502
4502
4502
4504
4506
4508
4508
4509
4511
4512
4512
4515
4515
4517
4518
4520
4520
4525
4525
4527
4527
4539
4542
4550
4554
4556
4558
4561
4562
4565
4567
4567
4568
4574
4574
4575
4577
4582
4582
4582
4585
4588
4595
4596
4600
4601
4604
4604
4605
4605
4606
4608
4609
4610
4612
4612
4612
4614
4615
4615
4616
4620
4623
4624
4625
4626
4627
4627
4629
4632
4633
4636
4637
4641
4641
4642
4646
4646
4648
4648
4648
4652
4655
4656
4660
4661
4662
4667
4667
4669
4672
4682
4685
4685
4686
4686
4689
4691
4693
4698
4702
4703
4704
4706
4708
4708
4709
4715
4716
4716
4717
4718
4719
4723
4726
4729
4729
4729
4731
4733
4733
4733
4734
4735
4738
4739
4740
4742
4743
4749
4752
4753
4758
4758
4759
4759
4764
4765
4767
4767
4767
4768
4769
4769
4769
4771
4772
4772
4774
4777
4782
4784
4784
4787
4792
4799
4801
4803
4805
4809
4812
4815
4816
4816
4817
4817
4819
4822
4822
4828
4831
4834
4834
4836
4839
4842
4845
4846
4847
4852
4853
4854
4856
4858
4861
4861
4862
4862
4864
4865
4867
4871
4872
4877
4880
4882
4882
4883
4885
4885
4887
4894
4894
4896
4899
4902
4906
4907
4916
4916
4918
4918
4920
4922
4924
4927
4928
4928
4928
4931
4931
4936
4936
4939
4943
4943
4944
4946
4949
4951
4952
4956
4963
4963
4965
4968
4968
4969
4971
4972
4974
4977
4982
4983
4987
4989
4990
4990
4993
4994
4994
5000
5001
5002
5004
5005
5011
5012
5015
5016
5017
5018
5020
5020
5025
5025
5026
5036
5036
5036
5036
5036
5037
5038
5039
5041
5042
5053
5053
5054
5054
5054
5056
5061
5061
5064
5066
5066
5072
5073
5081
5083
5084
5087
5088
5089
5091
5096
5100
5102
5106
5107
5110
5112
5114
5114
5115
5120
5124
5126
5129
5131
5134
5135
5139
5140
5140
5142
5144
5144
5146
5147
5149
5149
5162
5163
5165
5169
5177
5179
5180
5184
5195
5199
5202
5203
5203
5204
5204
5205
5207
5210
5213
5214
5216
5220
5221
5221
5222
5222
5223
5225
5226
5226
5227
5228
5229
5230
5231
5231
5232
5232
5236
5239
5243
5243
5244
5246
5248
5249
5254
5255
5255
5262
5264
5264
5267
5267
5267
5271
5271
5276
5276
5277
5284
5286
5287
5291
5292
5292
5294
5295
5295
5297
5298
5300
5301
5302
5303
5305
5306
5306
5307
5307
5311
5313
5315
5316
5316
5318
5318
5318
5319
5319
5321
5321
5321
5321
5322
5324
5324
5324
5324
5325
5325
5326
5327
5327
5327
5328
5337
5340
5345
5345
5347
5347
5348
5349
5349
5350
5354
5354
5355
5357
5358
5359
5362
5364
5368
5368
5374
5378
5379
5380
5382
5383
5383
5390
5392
5394
5396
5408
5409
5412
5414
5416
5417
5419
5419
5422
5424
5426
5426
5428
5430
5431
5432
5436
5440
5440
5450
5451
5455
5458
5463
5464
5469
5470
5470
5472
5473
5475
5476
5476
5476
5477
5477
5482
5482
5484
5490
5499
5501
5507
5510
5511
5511
5512
5513
5514
5515
5515
5516
5516
5516
5517
5519
5520
5526
5530
5531
5534
5536
5537
5537
5538
5540
5542
5547
5550
5551
5552
5555
5555
5556
5556
5556
5558
5562
5564
5564
5569
5569
5571
5571
5572
5575
5576
5580
5581
5584
5587
5589
5590
5594
5594
5595
5596
5598
5600
5603
5603
5611
5614
5614
5622
5624
5625
5625
5627
5628
5628
5629
5630
5632
5633
5634
5635
5641
5641
5642
5644
5647
5648
5650
5651
5652
5654
5655
5658
5662
5663
5665
5668
5671
5675
5678
5678
5678
5680
5680
5682
5685
5686
5691
5693
5695
5696
5697
5698
5699
5699
5705
5706
5708
5708
5708
5710
5710
5716
5719
5721
5722
5722
5723
5726
5728
5728
5728
5729
5730
5731
5733
5733
5739
5746
5746
5749
5750
5750
5756
5756
5757
5758
5760
5760
5762
5771
5777
5779
5783
5787
5792
5796
5797
5798
5799
5804
5806
5808
5810
5811
5811
5811
5814
5816
5818
5819
5820
5827
5828
5829
5832
5836
5836
5836
5840
5840
5842
5846
5846
5849
5850
5850
5851
5851
5854
5855
5857
5860
5861
5861
5863
5863
5864
5865
5866
5872
5873
5873
5879
5880
5883
5893
5895
5895
5903
5910
5910
5912
5917
5925
5925
5925
5925
5925
5927
5927
5927
5929
5931
5933
5935
5935
5935
5938
5940
5952
5954
5955
5955
5958
5959
5960
5960
5965
5968
5968
5968
5970
5971
5971
5974
5976
5977
5979
5980
5980
5981
5982
5985
5990
5992
5992
5993
5995
5996
6001
6001
6005
6006
6009
6009
6011
6012
6014
6016
6019
6021
6021
6027
6028
6030
6035
6036
6037
6039
6042
6045
6046
6046
6046
6046
6052
6058
6058
6060
6061
6065
6067
6069
6070
6072
6073
6076
6078
6078
6078
6080
6084
6088
6088
6090
6090
6091
6092
6093
6095
6096
6100
6103
6104
6106
6106
6110
6110
6114
6117
6117
6119
6119
6126
6128
6131
6132
6133
6138
6139
6146
6148
6149
6158
6161
6162
6163
6164
6165
6165
6166
6167
6168
6174
6177
6177
6179
6180
6181
6188
6188
6194
6195
6196
6197
6203
6203
6204
6207
6208
6211
6213
6214
6216
6218
6219
6221
6222
6232
6232
6232
6233
6234
6238
6239
6241
6242
6243
6244
6247
6248
6250
6251
6254
6255
6257
6257
6262
6263
6265
6266
6266
6266
6277
6277
6278
6280
6281
6281
6283
6285
6285
6288
6289
6289
6289
6292
6293
6299
6300
6302
6303
6304
6305
6310
6314
6318
6321
6321
6322
6327
6328
6329
6332
6339
6341
6342
6350
6351
6352
6357
6357
6358
6362
6365
6368
6368
6371
6377
6377
6380
6381
6385
6385
6389
6389
6391
6392
6394
6396
6397
6398
6403
6403
6404
6405
6405
6414
6417
6417
6418
6422
6424
6427
6430
6430
6431
6432
6435
6437
6437
6443
6448
6449
6451
6451
6453
6453
6454
6455
6458
6461
6463
6463
6464
6466
6467
6468
6469
6471
6471
6473
6479
6482
6483
6486
6490
6494
6495
6496
6498
6501
6502
6503
6504
6508
6514
6516
6519
6520
6520
6521
6522
6523
6525
6526
6527
6527
6527
6529
6534
6536
6540
6542
6543
6544
6545
6549
6549
6551
6552
6554
6561
6561
6562
6563
6564
6565
6569
6578
6578
6582
6582
6587
6588
6589
6589
6589
6593
6597
6600
6600
6601
6601
6603
6605
6605
6605
6606
6607
6610
6615
6617
6619
6619
6619
6623
6623
6624
6625
6627
6629
6632
6632
6633
6634
6635
6636
6637
6641
6642
6643
6643
6645
6647
6652
6652
6653
6654
6662
6663
6666
6668
6670
6673
6677
6680
6687
6688
6689
6690
6690
6692
6692
6692
6706
6706
6707
6709
6709
6710
6710
6712
6715
6715
6719
6719
6721
6721
6722
6722
6724
6726
6728
6728
6729
6731
6733
6737
6739
6744
6744
6745
6747
6753
6753
6757
6759
6760
6760
6762
6762
6765
6768
6770
6771
6771
6775
6778
6779
6780
6782
6785
6792
6792
6795
6797
6797
6799
6800
6800
6801
6801
6803
6804
6805
6805
6809
6811
6812
6815
6816
6816
6817
6817
6822
6824
6827
6829
6829
6830
6831
6833
6834
6837
6838
6838
6839
6841
6845
6847
6848
6848
6848
6848
6851
6852
6857
6859
6862
6863
6864
6868
6869
6871
6875
6877
6878
6884
6884
6885
6886
6887
6890
6891
6892
6894
6895
6895
6897
6898
6900
6900
6901
6902
6902
6903
6907
6911
6917
6921
6925
6932
6936
6942
6943
6944
6944
6948
6948
6952
6955
6961
6962
6967
6971
6977
6978
6981
6982
6982
6983
6988
6988
6990
6994
6995
6996
7001
7002
7004
7007
7012
7014
7018
7021
7028
7031
7038
7038
7039
7039
7039
7040
7040
7044
7045
7047
7052
7052
7057
7058
7058
7059
7060
7062
7062
7063
7065
7066
7069
7071
7075
7081
7083
7086
7091
7092
7095
7095
7103
7105
7105
7109
7111
7115
7115
7115
7117
7118
7119
7121
7122
7132
7133
7134
7135
7138
7140
7143
7143
7143
7143
7146
7149
7149
7153
7153
7154
7155
7155
7155
7158
7160
7163
7165
7166
7167
7173
7174
7176
7178
7178
7179
7180
7183
7183
7185
7186
7186
7189
7192
7193
7194
7194
7198
7205
7209
7213
7214
7216
7218
7220
7220
7222
7225
7226
7226
7227
7229
7231
7233
7234
7234
7234
7235
7236
7238
7242
7243
7244
7245
7246
7247
7248
7248
7250
7250
7252
7254
7255
7258
7259
7262
7263
7263
7264
7268
7268
7270
7270
7271
7271
7272
7273
7273
7277
7281
7284
7286
7291
7296
7297
7298
7304
7305
7308
7310
7311
7313
7315
7315
7317
7318
7320
7322
7322
7326
7329
7329
7334
7336
7341
7341
7343
7343
7348
7358
7359
7362
7363
7363
7363
7364
7365
7369
7372
7373
7377
7377
7379
7380
7382
7382
7386
7386
7387
7388
7389
7389
7394
7395
7397
7399
7400
7403
7405
7406
7406
7408
7409
7412
7413
7419
7420
7421
7424
7425
7426
7427
7427
7428
7431
7433
7434
7435
7435
7435
7439
7439
7442
7442
7443
7447
7451
7457
7460
7462
7462
7463
7465
7466
7466
7470
7471
7472
7472
7474
7478
7486
7488
7489
7490
7492
7493
7496
7497
7499
7502
7503
7504
7505
7505
7505
7507
7512
7514
7521
7521
7521
7527
7528
7531
7531
7532
7538
7542
7543
7550
7554
7554
7554
7556
7559
7559
7566
7568
7568
7573
7578
7578
7583
7584
7584
7584
7586
7587
7589
7590
7594
7594
7594
7597
7601
7601
7604
7604
7607
7607
7607
7607
7608
7613
7616
7618
7622
7625
7626
7629
7632
7635
7639
7641
7641
7643
7643
7643
7645
7648
7650
7654
7654
7657
7658
7658
7660
7665
7667
7668
7670
7673
7674
7676
7681
7689
7689
7690
7691
7691
7696
7696
7700
7703
7703
7710
7711
7714
7718
7720
7724
7725
7727
7729
7729
7730
7730
7731
7733
7735
7738
7740
7743
7745
7745
7751
7753
7753
7756
7760
7763
7768
7768
7769
7770
7771
7780
7782
7782
7783
7784
7785
7785
7786
7788
7790
7794
7796
7797
7800
7804
7807
7809
7812
7815
7816
7820
7820
7824
7824
7825
7827
7830
7842
7847
7847
7851
7852
7853
7855
7860
7865
7865
7867
7868
7868
7869
7873
7874
7876
7877
7879
7880
7880
7880
7889
7891
7897
7898
7903
7904
7906
7908
7908
7910
7910
7910
7911
7911
7912
7913
7914
7914
7922
7925
7925
7927
7929
7929
7930
7931
7932
7933
7943
7946
7947
7951
7952
7955
7956
7956
7966
7969
7970
7973
7973
7977
7978
7979
7981
7981
7982
7983
7985
7988
7991
7995
7996
7997
7997
7998
8000
8001
8002
8006
8008
8010
8011
8012
8014
8017
8019
8020
8022
8027
8028
8029
8030
8030
8034
8036
8036
8039
8042
8045
8048
8049
8052
8052
8052
8056
8056
8060
8063
8064
8066
8067
8070
8070
8071
8071
8072
8073
8079
8081
8083
8083
8085
8086
8090
8099
8102
8102
8103
8103
8107
8107
8109
8112
8114
8116
8118
8119
8121
8122
8122
8123
8123
8129
8131
8131
8134
8135
8136
8136
8137
8143
8148
8150
8150
8150
8153
8153
8154
8158
8162
8165
8168
8169
8171
8173
8176
8177
8178
8179
8179
8180
8189
8189
8195
8196
8198
8200
8201
8203
8203
8204
8206
8207
8207
8211
8211
8212
8214
8215
8215
8217
8227
8230
8236
8237
8239
8239
8242
8244
8250
8253
8257
8258
8263
8264
8265
8265
8267
8271
8274
8275
8276
8283
8284
8286
8297
8299
8302
8304
8306
8311
8315
8315
8317
8318
8327
8330
8333
8334
8335
8336
8340
8341
8342
8342
8343
8344
8349
8350
8351
8355
8361
8362
8363
8364
8364
8371
8375
8376
8377
8379
8380
8383
8384
8387
8392
8392
8395
8400
8405
8405
8408
8409
8410
8410
8412
8413
8413
8416
8417
8418
8418
8420
8422
8422
8424
8425
8426
8427
8431
8434
8436
8437
8439
8439
8440
8443
8445
8445
8446
8449
8449
8453
8454
8457
8462
8462
8463
8467
8467
8468
8470
8476
8476
8477
8479
8480
8484
8487
8489
8493
8493
8494
8494
8495
8501
8508
8509
8509
8510
8511
8511
8513
8514
8514
8514
8519
8522
8523
8523
8528
8529
8531
8533
8534
8534
8535
8535
8539
8540
8540
8540
8541
8548
8548
8550
8552
8556
8557
8560
8560
8562
8563
8565
8566
8567
8567
8571
8572
8572
8575
8579
8580
8582
8582
8583
8584
8585
8586
8590
8596
8600
8607
8608
8609
8609
8611
8612
8617
8618
8619
8622
8627
8627
8630
8630
8637
8642
8644
8644
8646
8648
8649
8655
8657
8658
8658
8658
8663
8664
8672
8674
8674
8674
8675
8677
8679
8679
8682
8682
8683
8685
8687
8689
8689
8689
8690
8690
8690
8694
8696
8696
8707
8708
8709
8711
8711
8712
8713
8714
8714
8715
8718
8719
8722
8725
8725
8726
8726
8727
8728
8729
8740
8740
8741
8741
8743
8744
8744
8746
8747
8752
8758
8759
8761
8761
8763
8764
8766
8767
8769
8769
8771
8772
8774
8775
8778
8780
8780
8781
8781
8786
8788
8791
8791
8792
8793
8794
8794
8795
8795
8800
8806
8809
8810
8811
8813
8813
8817
8820
8823
8826
8828
8828
8830
8831
8834
8837
8838
8839
8842
8844
8848
8848
8850
8852
8852
8852
8853
8857
8858
8859
8859
8860
8860
8862
8864
8864
8866
8868
8869
8870
8875
8876
8878
8883
8884
8884
8889
8891
8894
8897
8898
8898
8899
8909
8910
8916
8917
8921
8921
8922
8924
8925
8926
8930
8931
8931
8933
8937
8938
8938
8938
8940
8941
8941
8946
8948
8948
8952
8956
8958
8958
8959
8960
8963
8964
8966
8969
8970
8972
8973
8973
8976
8978
8978
8980
8983
8986
8989
8989
8998
9006
9007
9009
9013
9014
9014
9016
9020
9021
9022
9022
9032
9032
9032
9038
9038
9040
9041
9042
9047
9048
9048
9051
9051
9052
9054
9061
9061
9064
9066
9066
9067
9069
9070
9071
9073
9075
9076
9077
9081
9082
9082
9087
9088
9088
9090
9090
9090
9091
9091
9093
9097
9099
9099
9100
9100
9101
9103
9104
9107
9108
9108
9111
9113
9116
9118
9118
9120
9125
9125
9125
9126
9132
9133
9137
9137
9139
9139
9141
9142
9142
9144
9144
9145
9145
9146
9147
9149
9149
9154
9155
9156
9157
9157
9158
9158
9160
9164
9165
9166
9168
9173
9175
9183
9184
9186
9190
9190
9191
9191
9191
9192
9192
9193
9193
9194
9195
9204
9204
9207
9208
9208
9210
9210
9212
9214
9216
9217
9217
9218
9219
9219
9221
9222
9223
9224
9226
9229
9234
9251
9253
9256
9257
9259
9264
9264
9265
9266
9266
9267
9268
9270
9272
9275
9275
9279
9279
9286
9288
9289
9289
9291
9291
9293
9294
9294
9294
9294
9302
9303
9306
9307
9308
9310
9314
9316
9317
9317
9317
9320
9323
9323
9328
9328
9329
9332
9335
9335
9345
9348
9350
9350
9350
9359
9362
9363
9363
9363
9363
9364
9364
9371
9376
9377
9383
9384
9384
9385
9387
9388
9389
9392
9392
9397
9397
9405
9406
9407
9413
9414
9414
9417
9418
9418
9421
9424
9424
9425
9426
9426
9428
9428
9432
9433
9433
9436
9437
9437
9438
9439
9440
9446
9447
9452
9453
9454
9456
9456
9457
9461
9463
9466
9468
9471
9473
9474
9478
9481
9487
9489
9490
9490
9491
9491
9492
9496
9496
9496
9497
9500
9503
9504
9506
9507
9510
9510
9511
9512
9515
9515
9515
9516
9519
9519
9522
9523
9523
9525
9526
9536
9536
9536
9540
9540
9541
9547
9547
9548
9548
9549
9550
9552
9558
9559
9559
9561
9566
9567
9571
9571
9572
9572
9576
9576
9578
9581
9582
9584
9586
9588
9588
9589
9590
9595
9597
9598
9598
9601
9601
9604
9607
9609
9615
9616
9618
9620
9620
9622
9622
9624
9625
9632
9633
9633
9635
9636
9637
9639
9642
9642
9643
9643
9646
9648
9649
9650
9653
9654
9659
9660
9661
9661
9663
9668
9670
9675
9676
9676
9681
9684
9691
9694
9695
9697
9698
9699
9700
9707
9709
9709
9711
9711
9713
9715
9715
9718
9722
9723
9724
9730
9731
9734
9736
9736
9741
9742
9744
9745
9747
9748
9751
9753
9758
9760
9760
9763
9768
9774
9775
9775
9775
9778
9778
9779
9781
9785
9787
9790
9790
9792
9792
9796
9798
9798
9802
9804
9805
9806
9812
9814
9822
9825
9826
9830
9830
9830
9831
9832
9833
9835
9836
9842
9842
9842
9846
9846
9849
9850
9851
9855
9860
9865
9866
9867
9869
9869
9869
9874
9875
9878
9883
9883
9884
9884
9884
9886
9887
9890
9898
9900
9901
9906
9913
9914
9916
9918
9918
9919
9921
9923
9930
9936
9936
9937
9937
9947
9951
9955
9957
9968
9969
9970
9972
9978
9979
9979
9979
9980
9981
9983
9985
9987
9991
9993
9994
9997
9999
10009
10009
10019
10020
10021
10021
10022
10024
10024
10025
10025
10028
10028
10029
10033
10036
10037
10037
10038
10041
10042
10043
10043
10043
10044
10044
10046
10052
10052
10054
10055
10056
10056
10066
10068
10074
10074
10076
10076
10078
10080
10081
10083
10085
10089
10089
10092
10095
10097
10099
10103
10103
10103
10105
10106
10109
10110
10115
10117
10118
10119
10119
10123
10124
10125
10126
10136
10136
10137
10137
10139
10139
10140
10145
10148
10150
10153
10161
10162
10163
10165
10165
10167
10168
10171
10172
10173
10173
10173
10174
10175
10175
10177
10178
10179
10186
10186
10189
10193
10194
10196
10197
10198
10198
10199
10203
10207
10207
10208
10208
10214
10214
10214
10218
10223
10226
10227
10227
10228
10231
10233
10234
10235
10237
10238
10247
10251
10255
10255
10258
10259
10261
10263
10264
10265
10269
10269
10272
10276
10278
10282
10283
10290
10291
10291
10292
10292
10293
10295
10295
10296
10298
10300
10302
10303
10310
10311
10312
10316
10316
10318
10321
10323
10326
10328
10332
10337
10338
10341
10346
10347
10353
10353
10355
10356
10357
10360
10361
10362
10362
10365
10368
10369
10369
10370
10371
10372
10374
10374
10375
10378
10382
10382
10384
10389
10391
10393
10394
10396
10396
10401
10405
10407
10407
10408
10408
10412
10413
10418
10422
10423
10425
10430
10431
10434
10437
10438
10438
10438
10439
10439
10443
10444
10446
10450
10454
10455
10456
10457
10459
10460
10461
10465
10474
10475
10476
10476
10477
10477
10479
10483
10483
10483
10484
10487
10492
10492
10492
10497
10500
10501
10502
10502
10502
10503
10505
10507
10507
10507
10509
10509
10512
10519
10519
10524
10524
10525
10525
10530
10533
10534
10536
10540
10540
10541
10546
10550
10555
10555
10555
10557
10559
10562
10564
10566
10569
10570
10570
10571
10572
10573
10580
10584
10584
10584
10584
10588
10588
10592
10593
10594
10594
10596
10597
10598
10601
10603
10604
10606
10608
10609
10610
10611
10613
10617
10619
10620
10622
10622
10623
10625
10627
10627
10629
10640
10640
10641
10643
10646
10646
10646
10647
10650
10650
10651
10653
10653
10653
10654
10654
10658
10658
10659
10664
10667
10668
10669
10674
10675
10676
10676
10677
10677
10681
10682
10684
10685
10686
10687
10687
10688
10688
10689
10691
10700
10703
10707
10711
10711
10712
10713
10714
10715
10719
10722
10727
10727
10727
10729
10729
10735
10738
10742
10742
10747
10752
10753
10754
10756
10756
10758
10758
10758
10759
10760
10760
10761
10764
10766
10766
10769
10773
10779
10779
10780
10781
10784
10785
10785
10785
10785
10786
10787
10788
10788
10790
10792
10794
10794
10796
10804
10811
10812
10814
10814
10815
10816
10816
10818
10819
10822
10822
10825
10825
10826
10830
10831
10832
10833
10834
10834
10835
10838
10844
10845
10846
10848
10852
10856
10862
10865
10868
10868
10877
10878
10880
10886
10886
10888
10890
10890
10893
10894
10897
10905
10909
10911
10913
10915
10915
10918
10919
10926
10926
10931
10933
10936
10937
10939
10939
10940
10941
10949
10950
10951
10952
10953
10953
10955
10956
10957
10957
10961
10962
10964
10965
10967
10968
10968
10968
10969
10973
10973
10975
10980
10984
10985
10992
11001
11005
11008
11009
11009
11010
11010
11013
11014
11016
11020
11024
11024
11024
11024
11027
11029
11032
11036
11038
11038
11041
11041
11046
11048
11049
11053
11053
11061
11062
11063
11064
11066
11068
11072
11072
11076
11077
11080
11081
11087
11090
11099
11102
11103
11105
11107
11107
11111
11113
11115
11118
11125
11127
11128
11129
11132
11133
11139
11143
11143
11144
11144
11151
11151
11153
11154
11154
11159
11162
11163
11163
11165
11166
11168
11168
11170
11172
11173
11179
11188
11192
11197
11197
11198
11198
11199
11203
11211
11216
11217
11218
11218
11220
11222
11224
11225
11226
11227
11228
11231
11232
11232
11233
11237
11241
11242
11242
11243
11246
11247
11247
11250
11251
11253
11254
11259
11260
11262
11263
11277
11280
11281
11281
11284
11284
11287
11288
11288
11288
11289
11292
11293
11293
11294
11295
11295
11298
11303
11306
11306
11307
11307
11307
11308
11309
11309
11312
11315
11316
11318
11318
11319
11319
11320
11326
11327
11330
11331
11338
11339
11340
11342
11342
11342
11344
11344
11349
11350
11350
11354
11355
11355
11355
11356
11358
11359
11360
11362
11362
11363
11373
11373
11374
11374
11375
11376
11376
11377
11380
11382
11383
11384
11386
11388
11390
11390
11391
11394
11395
11399
11403
11403
11404
11404
11410
11414
11415
11419
11420
11422
11424
11425
11431
11432
11433
11434
11437
11439
11440
11440
11441
11442
11443
11447
11447
11450
11451
11455
11459
11459
11462
11467
11468
11469
11472
11473
11473
11473
11477
11481
11482
11483
11485
11486
11487
11487
11490
11493
11495
11497
11497
11497
11501
11502
11503
11504
11505
11506
11509
11509
11511
11512
11514
11517
11523
11524
11530
11531
11535
11538
11542
11542
11544
11546
11548
11549
11551
11553
11556
11560
11565
11567
11570
11572
11574
11576
11578
11579
11581
11582
11583
11585
11587
11589
11591
11592
11593
11593
11598
11601
11604
11606
11606
11606
11610
11612
11616
11621
11624
11628
11629
11629
11631
11631
11631
11632
11634
11637
11642
11647
11650
11651
11651
11654
11655
11657
11661
11665
11666
11668
11669
11671
11672
11672
11675
11679
11680
11681
11684
11684
11689
11693
11695
11699
11699
11703
11706
11709
11712
11714
11715
11715
11716
11717
11717
11718
11722
11723
11723
11723
11723
11724
11729
11729
11735
11735
11737
11737
11738
11738
11742
11744
11750
11750
11754
11756
11758
11759
11762
11765
11765
11767
11767
11770
11770
11772
11774
11778
11779
11779
11779
11780
11782
11782
11784
11785
11786
11788
11789
11792
11793
11795
11796
11796
11800
11802
11803
11804
11806
11807
11810
11811
11814
11815
11815
11821
11826
11831
11836
11836
11837
11837
11839
11839
11840
11842
11847
11852
11862
11862
11863
11864
11864
11865
11865
11866
11866
11869
11874
11875
11875
11876
11877
11878
11879
11890
11890
11890
11891
11892
11896
11898
11900
11903
11905
11906
11906
11907
11908
11909
11911
11912
11914
11918
11920
11921
11925
11927
11928
11937
11941
11945
11947
11947
11951
11952
11956
11956
11958
11960
11963
11966
11967
11968
11970
11972
11972
11973
11973
11973
11973
11974
11978
11979
11980
11983
11985
11986
11987
11988
11989
11993
11996
12000
12001
12001
12003
12004
12007
12008
12015
12017
12017
12027
12029
12030
12033
12034
12037
12037
12039
12040
12040
12047
12049
12052
12052
12052
12057
12059
12061
12062
12062
12063
12064
12065
12072
12073
12074
12077
12077
12077
12078
12079
12079
12082
12083
12083
12083
12084
12088
12089
12091
12096
12105
12105
12108
12109
12109
12111
12113
12120
12121
12122
12124
12125
12126
12136
12137
12139
12141
12143
12145
12145
12146
12149
12149
12149
12150
12155
12155
12155
12156
12157
12158
12159
12159
12164
12170
12171
12176
12178
12180
12180
12182
12185
12186
12187
12191
12191
12192
12192
12199
12199
12199
12201
12204
12205
12210
12215
12215
12216
12217
12217
12218
12218
12220
12222
12223
12227
12227
12229
12230
12233
12235
12236
12241
12243
12247
12248
12249
12249
12251
12251
12253
12254
12254
12256
12256
12257
12258
12259
12263
12264
12265
12265
12265
12271
12271
12274
12277
12280
12280
12281
12288
12292
12296
12297
12304
12307
12309
12315
12315
12318
12318
12320
12321
12322
12325
12326
12334
12336
12336
12342
12345
12347
12347
12348
12349
12349
12353
12357
12364
12365
12366
12367
12368
12369
12373
12374
12377
12377
12378
12379
12379
12380
12382
12382
12386
12394
12396
12399
12399
12400
12401
12404
12406
12411
12412
12412
12413
12416
12416
12417
12418
12419
12419
12421
12426
12429
12430
12440
12442
12445
12446
12446
12447
12453
12454
12455
12456
12458
12459
12459
12463
12467
12470
12474
12475
12475
12476
12478
12479
12480
12482
12483
12483
12490
12494
12496
12496
12496
12497
12498
12501
12503
12506
12509
12510
12511
12511
12511
12515
12515
12517
12518
12518
12520
12527
12527
12532
12533
12537
12538
12539
12541
12541
12546
12548
12549
12555
12557
12562
12563
12572
12573
12573
12574
12574
12577
12578
12582
12582
12583
12584
12588
12591
12591
12592
12596
12597
12598
12599
12605
12611
12614
12618
12619
12619
12620
12620
12620
12621
12626
12632
12634
12642
12644
12648
12649
12650
12653
12653
12656
12657
12658
12661
12665
12666
12667
12668
12677
12678
12680
12680
12682
12682
12687
12690
12700
12706
12709
12711
12712
12715
12722
12725
12725
12727
12729
12731
12733
12735
12736
12737
12738
12740
12741
12741
12741
12742
12744
12747
12748
12749
12749
12749
12751
12753
12754
12754
12758
12759
12759
12759
12760
12760
12764
12767
12769
12769
12774
12777
12779
12780
12781
12781
12782
12782
12785
12785
12788
12797
12801
12802
12804
12808
12811
12811
12813
12817
12818
12819
12820
12821
12822
12830
12833
12834
12836
12841
12843
12847
12848
12848
12855
12857
12858
12864
12869
12873
12874
12876
12878
12880
12881
12885
12886
12888
12888
12889
12890
12891
12895
12899
12902
12902
12903
12906
12911
12915
12922
12924
12925
12927
12931
12931
12932
12932
12933
12934
12935
12939
12940
12942
12944
12945
12945
12945
12946
12947
12948
12949
12952
12955
12955
12955
12955
12960
12961
12964
12969
12970
12970
12972
12976
12978
12979
12984
12984
12985
12987
12989
12990
12992
12993
12996
12998
12998
13002
13002
13002
13004
13007
13008
13009
13010
13010
13013
13014
13018
13019
13020
13023
13024
13028
13029
13030
13034
13039
13040
13041
13043
13046
13049
13053
13054
13054
13055
13056
13058
13058
13059
13060
13060
13067
13067
13072
13073
13077
13079
13082
13082
13082
13086
13091
13091
13091
13092
13092
13093
13094
13095
13098
13099
13102
13106
13107
13107
13109
13111
13113
13113
13114
13115
13117
13118
13118
13118
13119
13119
13119
13123
13124
13124
13125
13127
13128
13132
13133
13135
13136
13136
13136
13140
13141
13141
13145
13154
13155
13156
13157
13158
13158
13160
13160
13163
13163
13168
13171
13172
13173
13175
13179
13181
13184
13186
13191
13193
13196
13197
13198
13198
13209
13213
13215
13216
13216
13217
13218
13220
13220
13220
13221
13224
13225
13226
13227
13229
13230
13231
13238
13242
13247
13248
13250
13250
13252
13253
13254
13258
13258
13258
13259
13268
13271
13271
13274
13275
13277
13278
13280
13280
13282
13284
13288
13291
13291
13292
13293
13293
13297
13299
13300
13300
13308
13312
13314
13316
13316
13317
13319
13321
13322
13322
13323
13324
13325
13332
13333
13335
13335
13336
13336
13340
13342
13343
13344
13348
13350
13353
13353
13354
13354
13354
13357
13359
13361
13362
13363
13367
13367
13371
13375
13375
13377
13378
13381
13383
13384
13387
13390
13395
13396
13398
13398
13400
13401
13408
13409
13409
13412
13412
13414
13420
13422
13424
13425
13434
13436
13437
13439
13441
13441
13442
13446
13446
13450
13451
13451
13451
13453
13454
13455
13456
13457
13458
13464
13465
13467
13468
13477
13479
13479
13480
13480
13483
13483
13486
13488
13488
13491
13493
13495
13502
13504
13505
13505
13505
13505
13509
13511
13515
13516
13518
13523
13528
13529
13529
13531
13535
13536
13536
13538
13540
13541
13542
13543
13545
13546
13547
13547
13550
13553
13553
13555
13559
13560
13560
13560
13562
13564
13567
13570
13571
13572
13576
13578
13583
13585
13588
13590
13590
13591
13593
13596
13598
13600
13603
13606
13607
13608
13609
13610
13610
13612
13612
13614
13614
13615
13617
13626
13632
13635
13636
13637
13641
13642
13643
13644
13647
13648
13649
13656
13659
13663
13664
13666
13668
13672
13673
13673
13674
13675
13675
13678
13679
13682
13685
13688
13692
13692
13695
13695
13701
13705
13706
13707
13711
13719
13720
13721
13723
13724
13724
13725
13727
13728
13729
13731
13737
13739
13741
13744
13745
13746
13746
13747
13749
13751
13752
13752
13752
13760
13761
13762
13763
13766
13767
13769
13770
13770
13771
13777
13778
13781
13783
13785
13788
13789
13798
13799
13802
13802
13802
13803
13803
13806
13807
13808
13811
13812
13814
13815
13815
13816
13818
13818
13819
13822
13824
13830
13830
13831
13832
13833
13835
13836
13836
13838
13839
13841
13841
13842
13842
13844
13845
13847
13847
13848
13850
13852
13853
13854
13856
13859
13861
13863
13864
13866
13869
13871
13875
13876
13876
13878
13880
13881
13886
13887
13892
13893
13894
13897
13898
13900
13900
13901
13904
13906
13908
13908
13912
13914
13914
13915
13916
13918
13919
13921
13922
13923
13924
13925
13930
13931
13933
13942
13942
13944
13948
13948
13950
13951
13951
13954
13957
13961
13964
13965
13966
13966
13970
13971
13972
13977
13977
13978
13979
13981
13983
13984
13986
13992
13992
13998
14003
14004
14007
14008
14010
14014
14024
14024
14025
14025
14029
14030
14033
14033
14040
14041
14044
14047
14047
14055
14057
14057
14058
14059
14059
14063
14065
14066
14069
14071
14071
14073
14078
14078
14083
14084
14085
14089
14090
14093
14094
14096
14096
14098
14099
14099
14101
14101
14102
14105
14105
14108
14109
14113
14114
14114
14114
14115
14125
14127
14130
14135
14136
14136
14137
14139
14139
14140
14143
14145
14146
14148
14153
14154
14156
14158
14161
14165
14166
14166
14166
14168
14169
14171
14175
14176
14176
14181
14181
14183
14183
14184
14184
14185
14187
14190
14196
14197
14197
14198
14204
14205
14207
14207
14210
14213
14214
14218
14218
14218
14218
14220
14220
14220
14221
14222
14223
14226
14229
14230
14233
14233
14236
14236
14240
14241
14242
14245
14250
14250
14251
14252
14253
14254
14258
14259
14259
14267
14269
14275
14280
14283
14283
14284
14287
14290
14293
14293
14294
14294
14295
14296
14296
14296
14296
14299
14301
14302
14303
14305
14307
14307
14315
14315
14319
14320
14321
14322
14323
14325
14327
14329
14339
14346
14346
14347
14349
14349
14353
14356
14356
14358
14363
14363
14364
14364
14365
14365
14371
14373
14374
14376
14382
14385
14385
14386
14397
14399
14399
14400
14403
14405
14407
14412
14414
14416
14417
14418
14420
14422
14423
14425
14427
14427
14430
14435
14435
14435
14435
14435
14437
14439
14440
14442
14455
14456
14457
14460
14461
14461
14467
14469
14470
14471
14473
14476
14478
14479
14480
14481
14482
14482
14482
14482
14488
14492
14493
14493
14495
14496
14496
14496
14496
14498
14499
14502
14504
14505
14506
14506
14507
14508
14508
14510
14520
14523
14524
14524
14526
14527
14531
14532
14533
14534
14535
14536
14539
14540
14544
14544
14545
14553
14554
14554
14556
14557
14563
14565
14566
14567
14576
14577
14578
14579
14579
14579
14580
14582
14582
14582
14582
14586
14589
14591
14594
14598
14601
14605
14607
14608
14608
14609
14610
14612
14613
14618
14619
14625
14633
14634
14635
14637
14640
14643
14643
14646
14646
14651
14651
14653
14653
14654
14658
14660
14661
14664
14665
14666
14667
14668
14670
14671
14672
14673
14673
14674
14675
14678
14681
14682
14684
14688
14690
14690
14692
14695
14701
14703
14703
14706
14707
14709
14710
14710
14712
14714
14715
14717
14718
14720
14722
14722
14728
14728
14732
14733
14734
14738
14740
14742
14744
14745
14745
14746
14747
14749
14750
14753
14755
14763
14763
14764
14768
14769
14770
14771
14777
14779
14779
14779
14780
14781
14782
14784
14784
14785
14787
14788
14791
14793
14794
14795
14798
14799
14800
14804
14808
14810
14813
14813
14816
14816
14821
14821
14823
14823
14827
14828
14831
14833
14835
14835
14837
14837
14838
14840
14842
14843
14845
14847
14851
14855
14855
14855
14859
14862
14865
14869
14870
14874
14874
14877
14882
14887
14888
14889
14889
14892
14894
14895
14897
14897
14898
14898
14903
14903
14907
14909
14911
14912
14914
14918
14921
14922
14928
14928
14930
14931
14935
14939
14940
14941
14942
14943
14948
14953
14953
14955
14957
14957
14957
14960
14968
14970
14970
14985
14987
14997
15001
15001
15002
15008
15009
15009
15010
15011
15014
15018
15020
15022
15023
15024
15026
15026
15027
15029
15030
15031
15031
15036
15036
15038
15040
15044
15046
15046
15047
15048
15050
15053
15054
15054
15055
15056
15057
15058
15058
15059
15060
15063
15064
15067
15068
15070
15071
15073
15074
15077
15082
15084
15084
15085
15085
15088
15091
15092
15093
15096
15096
15096
15099
15100
15100
15105
15107
15107
15108
15109
15111
15112
15113
15113
15114
15116
15118
15124
15125
15126
15128
15129
15131
15132
15133
15133
15134
15134
15138
15138
15139
15139
15139
15140
15142
15143
15145
15148
15149
15150
15151
15153
15165
15169
15171
15176
15176
15179
15179
15179
15183
15183
15184
15188
15189
15191
15192
15193
15196
15197
15207
15210
15211
15211
15213
15214
15214
15219
15222
15224
15225
15228
15228
15230
15233
15236
15238
15239
15241
15243
15245
15246
15247
15248
15248
15249
15253
15255
15256
15257
15259
15260
15261
15264
15264
15266
15268
15270
15270
15272
15280
15286
15286
15289
15293
15295
15296
15297
15305
15306
15306
15312
15314
15314
15314
15314
15318
15324
15327
15327
15327
15329
15331
15331
15332
15333
15334
15336
15337
15340
15341
15348
15350
15351
15359
15362
15362
15362
15363
15370
15371
15371
15371
15375
15378
15379
15379
15386
15389
15389
15391
15391
15392
15392
15399
15401
15401
15402
15406
15410
15413
15415
15415
15419
15419
15419
15420
15422
15424
15424
15425
15426
15426
15428
15428
15431
15432
15433
15436
15438
15439
15441
15442
15445
15446
15446
15448
15448
15450
15455
15457
15460
15464
15466
15471
15471
15473
15475
15476
15482
15488
15489
15489
15491
15491
15494
15495
15495
15499
15500
15500
15503
15504
15506
15507
15507
15513
15517
15520
15521
15521
15523
15524
15524
15524
15526
15531
15532
15533
15536
15542
15544
15545
15546
15546
15546
15549
15552
15558
15558
15559
15563
15563
15565
15565
15565
15568
15569
15572
15573
15575
15576
15578
15581
15585
15587
15587
15588
15591
15591
15594
15595
15596
15598
15598
15602
15603
15606
15606
15607
15610
15611
15618
15619
15620
15621
15623
15624
15626
15626
15626
15627
15627
15629
15630
15630
15632
15638
15638
15639
15640
15640
15646
15650
15653
15653
15656
15659
15662
15665
15667
15671
15672
15674
15675
15676
15684
15685
15685
15688
15690
15691
15695
15696
15698
15701
15702
15704
15709
15710
15713
15716
15717
15731
15732
15734
15736
15736
15737
15741
15742
15744
15744
15747
15758
15760
15761
15762
15765
15765
15769
15771
15772
15775
15776
15777
15780
15780
15782
15785
15785
15786
15786
15786
15787
15790
15793
15793
15794
15795
15802
15805
15806
15813
15814
15825
15826
15827
15831
15833
15838
15840
15840
15842
15843
15843
15843
15845
15855
15864
15865
15865
15869
15873
15877
15877
15878
15881
15883
15885
15886
15888
15890
15890
15893
15896
15896
15897
15901
15902
15904
15907
15910
15911
15911
15914
15915
15918
15920
15920
15922
15928
15929
15932
15933
15936
15940
15944
15947
15948
15949
15950
15953
15953
15954
15955
15964
15965
15968
15969
15975
15976
15977
15978
15983
15985
15986
15991
15992
15995
15998
15999
16004
16013
16015
16017
16017
16017
16018
16018
16019
16020
16022
16024
16024
16026
16027
16028
16033
16036
16039
16045
16047
16048
16052
16054
16055
16061
16062
16062
16064
16068
16074
16074
16074
16079
16080
16080
16081
16081
16082
16083
16085
16085
16087
16092
16095
16095
16098
16101
16103
16105
16105
16108
16109
16109
16111
16114
16115
16115
16115
16115
16118
16121
16123
16128
16134
16137
16139
16139
16142
16143
16145
16146
16146
16149
16154
16155
16156
16160
16162
16166
16172
16173
16174
16175
16176
16177
16184
16185
16185
16185
16187
16190
16190
16199
16200
16202
16209
16209
16210
16211
16212
16214
16215
16218
16220
16222
16232
16234
16235
16237
16243
16244
16244
16245
16245
16246
16249
16249
16251
16252
16252
16257
16259
16264
16268
16271
16272
16276
16277
16280
16281
16284
16286
16286
16288
16288
16289
16290
16294
16295
16301
16301
16305
16306
16309
16309
16312
16312
16316
16317
16318
16319
16320
16321
16323
16326
16328
16328
16330
16332
16336
16337
16338
16342
16343
16345
16345
16349
16349
16351
16353
16353
16354
16356
16358
16364
16369
16371
16372
16373
16374
16379
16380
16380
16387
16389
16393
16393
16393
16398
16399
16402
16403
16405
16409
16412
16412
16415
16415
16418
16420
16422
16423
16424
16426
16427
16428
16430
16439
16441
16441
16442
16445
16445
16446
16446
16449
16450
16451
16454
16454
16455
16455
16456
16458
16459
16461
16463
16469
16470
16471
16471
16473
16473
16478
16480
16480
16481
16483
16488
16489
16493
16496
16496
16501
16502
16507
16508
16510
16510
16511
16512
16513
16514
16515
16516
16516
16518
16520
16522
16522
16524
16525
16526
16526
16527
16531
16533
16536
16536
16546
16546
16548
16551
16553
16555
16558
16561
16561
16564
16564
16569
16570
16571
16571
16572
16575
16579
16579
16580
16583
16585
16585
16586
16586
16588
16590
16592
16593
16593
16597
16598
16599
16603
16605
16605
16607
16609
16611
16618
16619
16619
16626
16631
16636
16638
16638
16639
16641
16644
16644
16647
16648
16649
16652
16652
16653
16656
16663
16663
16663
16669
16672
16672
16676
16682
16685
16687
16690
16691
16693
16697
16698
16699
16700
16705
16708
16711
16713
16715
16715
16717
16719
16722
16722
16724
16725
16730
16735
16735
16738
16741
16742
16745
16745
16746
16748
16748
16750
16752
16760
16761
16763
16764
16765
16765
16770
16772
16773
16775
16777
16779
16779
16780
16780
16782
16783
16784
16786
16787
16790
16791
16799
16802
16804
16808
16809
16810
16815
16815
16816
16817
16817
16819
16820
16820
16822
16822
16824
16832
16835
16836
16836
16840
16840
16841
16842
16853
16854
16856
16857
16860
16867
16868
16870
16871
16873
16873
16874
16877
16877
16879
16880
16882
16883
16883
16886
16888
16889
16890
16890
16891
16893
16894
16894
16897
16897
16898
16899
16899
16901
16901
16904
16904
16905
16908
16911
16911
16917
16918
16919
16922
16925
16926
16927
16927
16929
16943
16944
16944
16945
16945
16947
16948
16950
16951
16958
16959
16959
16960
16965
16966
16967
16968
16969
16970
16971
16972
16974
16976
16978
16980
16981
16993
16995
16996
16997
16997
16998
16999
17000
17005
17006
17006
17006
17009
17009
17012
17014
17014
17017
17020
17020
17021
17022
17023
17024
17024
17025
17026
17028
17030
17030
17032
17032
17032
17032
17033
17034
17034
17035
17037
17037
17037
17038
17039
17039
17040
17041
17042
17054
17055
17056
17060
17062
17062
17065
17068
17069
17072
17073
17073
17075
17075
17075
17075
17076
17077
17079
17080
17082
17084
17084
17085
17085
17087
17088
17091
17091
17092
17093
17096
17097
17103
17107
17110
17111
17112
17113
17113
17113
17114
17116
17118
17119
17120
17121
17122
17129
17136
17137
17141
17144
17144
17146
17148
17151
17155
17156
17157
17162
17163
17169
17170
17170
17172
17174
17181
17183
17183
17190
17192
17193
17194
17194
17195
17198
17198
17199
17203
17212
17216
17216
17216
17218
17218
17219
17220
17221
17222
17223
17224
17226
17226
17227
17232
17233
17233
17236
17236
17238
17240
17240
17241
17242
17242
17243
17246
17247
17248
17252
17253
17266
17269
17270
17270
17273
17278
17279
17284
17284
17286
17287
17288
17291
17291
17292
17293
17299
17299
17300
17301
17302
17303
17305
17308
17310
17315
17317
17318
17319
17322
17322
17326
17327
17328
17332
17334
17338
17340
17340
17342
17343
17343
17355
17358
17359
17361
17361
17364
17367
17369
17385
17385
17387
17390
17390
17392
17394
17394
17395
17396
17397
17398
17398
17407
17409
17411
17412
17412
17412
17412
17415
17415
17417
17420
17421
17426
17428
17435
17435
17436
17436
17438
17441
17441
17443
17443
17446
17448
17449
17452
17454
17454
17458
17459
17460
17460
17463
17467
17469
17472
17472
17473
17474
17474
17474
17475
17476
17478
17479
17483
17488
17489
17489
17495
17498
17500
17500
17500
17501
17502
17503
17509
17509
17515
17515
17519
17519
17520
17522
17523
17526
17526
17527
17530
17531
17532
17534
17536
17536
17543
17544
17545
17545
17546
17547
17547
17550
17551
17551
17551
17552
17553
17555
17557
17558
17566
17567
17570
17574
17575
17577
17577
17578
17578
17580
17585
17586
17587
17588
17591
17591
17591
17593
17593
17593
17599
17600
17603
17603
17607
17608
17608
17611
17612
17617
17617
17619
17621
17621
17622
17625
17625
17626
17627
17628
17630
17631
17633
17636
17638
17639
17642
17643
17644
17646
17648
17653
17658
17660
17662
17664
17665
17670
17671
17675
17676
17676
17678
17678
17679
17683
17686
17687
17687
17688
17689
17690
17691
17691
17693
17694
17694
17694
17697
17700
17704
17710
17711
17712
17713
17716
17717
17722
17726
17727
17731
17731
17732
17733
17735
17737
17738
17740
17742
17748
17748
17751
17755
17756
17760
17760
17761
17762
17763
17765
17766
17767
17767
17769
17771
17772
17778
17781
17785
17786
17786
17787
17792
17793
17795
17795
17796
17798
17803
17805
17807
17807
17808
17809
17818
17818
17821
17823
17824
17836
17836
17837
17841
17841
17844
17844
17845
17848
17849
17853
17853
17854
17854
17857
17857
17867
17874
17874
17879
17883
17886
17887
17888
17892
17895
17897
17898
17899
17900
17903
17904
17905
17906
17911
17913
17922
17924
17924
17931
17932
17933
17937
17938
17939
17940
17940
17943
17945
17946
17953
17960
17967
17969
17970
17973
17975
17976
17977
17982
17982
17987
17989
17991
17993
17995
17995
17996
18000
18001
18004
18007
18009
18012
18017
18017
18019
18019
18021
18030
18043
18044
18046
18046
18047
18048
18049
18050
18050
18055
18063
18067
18068
18071
18078
18081
18081
18089
18090
18091
18093
18096
18096
18097
18101
18101
18104
18114
18116
18118
18118
18120
18121
18126
18127
18129
18139
18139
18140
18140
18148
18148
18149
18149
18149
18150
18151
18154
18154
18157
18157
18166
18168
18168
18169
18169
18170
18170
18171
18171
18171
18178
18182
18192
18193
18194
18194
18196
18196
18197
18198
18201
18204
18205
18209
18212
18214
18216
18216
18218
18221
18221
18223
18225
18227
18228
18231
18232
18235
18235
18235
18237
18238
18240
18241
18241
18248
18248
18251
18254
18254
18257
18259
18260
18260
18261
18262
18262
18263
18263
18263
18263
18265
18268
18269
18273
18273
18273
18276
18278
18280
18280
18282
18285
18287
18289
18290
18291
18295
18298
18299
18301
18302
18302
18303
18304
18304
18307
18307
18308
18310
18311
18313
18316
18317
18318
18321
18324
18325
18327
18328
18333
18334
18335
18336
18344
18346
18347
18347
18352
18354
18357
18357
18358
18363
18366
18369
18371
18372
18374
18375
18377
18379
18382
18384
18384
18384
18384
18385
18386
18387
18388
18389
18392
18393
18394
18395
18397
18398
18401
18403
18403
18408
18409
18410
18411
18412
18414
18419
18420
18420
18425
18428
18428
18430
18430
18434
18437
18440
18440
18441
18442
18449
18449
18450
18455
18455
18455
18456
18458
18460
18461
18463
18464
18465
18467
18468
18470
18471
18471
18474
18475
18475
18475
18479
18479
18480
18482
18482
18486
18490
18493
18493
18496
18498
18498
18499
18500
18500
18502
18502
18505
18508
18509
18510
18511
18513
18515
18517
18518
18521
18527
18527
18529
18531
18531
18533
18534
18536
18539
18539
18541
18541
18543
18544
18548
18552
18556
18556
18557
18560
18561
18562
18566
18567
18570
18570
18572
18573
18574
18574
18580
18581
18582
18583
18585
18585
18590
18591
18592
18593
18593
18593
18594
18598
18603
18605
18607
18607
18611
18612
18613
18618
18619
18619
18621
18623
18628
18629
18630
18630
18632
18632
18636
18639
18641
18642
18642
18642
18647
18648
18651
18656
18659
18660
18661
18661
18661
18665
18666
18668
18674
18676
18677
18678
18680
18680
18682
18685
18686
18686
18690
18690
18694
18695
18696
18705
18706
18706
18712
18712
18712
18715
18715
18717
18720
18720
18722
18723
18724
18725
18736
18742
18744
18747
18756
18757
18757
18760
18763
18770
18772
18772
18775
18781
18783
18786
18786
18789
18792
18792
18794
18795
18797
18798
18803
18810
18811
18811
18812
18813
18816
18819
18822
18822
18823
18825
18825
18826
18830
18830
18833
18837
18837
18841
18844
18846
18847
18847
18849
18851
18854
18854
18857
18858
18859
18860
18861
18864
18865
18870
18871
18874
18875
18892
18892
18893
18893
18896
18897
18899
18899
18900
18901
18906
18907
18918
18919
18923
18925
18931
18931
18931
18931
18933
18934
18938
18939
18942
18942
18942
18942
18946
18947
18947
18953
18958
18969
18972
18973
18977
18984
18985
18986
18987
18987
18987
18987
18988
18990
18995
18996
18998
19001
19001
19006
19007
19008
19008
19011
19011
19014
19015
19018
19018
19022
19025
19025
19025
19027
19029
19033
19034
19036
19037
19040
19044
19046
19050
19052
19054
19057
19059
19059
19059
19062
19063
19064
19064
19065
19066
19066
19068
19069
19071
19077
19079
19080
19084
19086
19088
19090
19091
19091
19095
19097
19097
19098
19098
19108
19108
19109
19110
19112
19113
19113
19117
19119
19121
19123
19127
19129
19130
19131
19132
19132
19134
19138
19141
19143
19143
19143
19144
19147
19149
19151
19155
19157
19159
19160
19167
19169
19170
19173
19175
19175
19177
19182
19186
19186
19187
19187
19189
19191
19192
19195
19197
19197
19199
19200
19202
19204
19204
19205
19205
19205
19206
19208
19213
19213
19222
19223
19226
19233
19234
19241
19241
19245
19246
19253
19255
19256
19258
19260
19263
19265
19268
19271
19274
19277
19280
19293
19293
19293
19299
19301
19302
19305
19313
19314
19317
19319
19321
19323
19323
19330
19332
19332
19339
19342
19343
19347
19347
19353
19354
19358
19360
19360
19364
19366
19368
19369
19370
19370
19372
19376
19377
19378
19379
19382
19382
19383
19384
19385
19385
19386
19387
19393
19394
19394
19395
19398
19399
19402
19402
19405
19407
19407
19408
19414
19416
19417
19420
19424
19425
19425
19426
19427
19434
19435
19438
19439
19441
19442
19443
19445
19448
19452
19454
19455
19457
19458
19458
19458
19460
19464
19464
19466
19467
19467
19469
19471
19472
19474
19478
19483
19486
19487
19489
19490
19490
19501
19513
19513
19514
19521
19524
19527
19532
19532
19533
19534
19535
19540
19544
19545
19547
19550
19556
19564
19565
19565
19565
19567
19568
19570
19572
19573
19578
19587
19587
19592
19593
19594
19595
19596
19596
19601
19603
19604
19604
19605
19608
19608
19612
19613
19616
19617
19619
19622
19622
19623
19624
19626
19626
19631
19636
19637
19639
19648
19648
19649
19650
19652
19660
19660
19668
19668
19669
19670
19670
19675
19678
19684
19685
19686
19688
19695
19695
19697
19697
19697
19698
19700
19704
19707
19707
19709
19710
19711
19713
19716
19718
19721
19722
19725
19725
19729
19731
19733
19733
19735
19737
19737
19738
19740
19748
19753
19753
19757
19758
19763
19764
19766
19771
19772
19777
19779
19781
19784
19786
19786
19787
19793
19795
19797
19797
19801
19801
19802
19802
19808
19816
19821
19824
19826
19833
19834
19836
19837
19837
19837
19840
19841
19843
19845
19846
19848
19850
19852
19856
19856
19858
19861
19863
19865
19866
19867
19869
19872
19873
19875
19878
19879
19880
19882
19883
19886
19887
19887
19888
19890
19890
19892
19893
19895
19899
19901
19903
19914
19915
19919
19921
19922
19924
19924
19924
19924
19929
19932
19933
19935
19938
19940
19941
19943
19946
19951
19951
19952
19952
19955
19956
19956
19956
19958
19960
19961
19964
19965
19968
19969
19972
19974
19974
19978
19978
19980
19981
19981
19982
19988
19989
19990
19990
19992
19993
19995
19997
