4
28
63
83
98
104
115
128
156
177
210
235
238
306
316
327
331
413
450
453
487
501
506
509
513
543
560
561
565
579
579
623
627
683
687
693
723
753
761
762
764
872
883
884
892
942
945
948
967
980
994
998
1044
1044
1068
1092
1128
1132
1137
1162
1191
1197
1220
1226
1261
1281
1283
1322
1331
1338
1350
1434
1437
1437
1480
1498
1513
1573
1615
1639
1640
1666
1697
1717
1725
1738
1745
1753
1788
1811
1844
1855
1863
1897
1953
1968
1979
2035
2068
2069
2084
2101
2125
2183
2214
2222
2231
2260
2300
2301
2321
2363
2376
2438
2450
2481
2512
2534
2535
2557
2573
2583
2609
2660
2663
2687
2689
2693
2701
2706
2740
2753
2776
2780
2801
2822
2831
2841
2851
2858
2860
2942
2974
2974
2989
3003
3053
3054
3089
3114
3138
3172
3177
3199
3214
3240
3267
3270
3274
3279
3326
3330
3333
3349
3354
3387
3394
3427
3436
3481
3493
3498
3504
3515
3568
3579
3583
3592
3593
3604
3618
3634
3664
3721
3721
3734
3738
3799
3827
3839
3863
3898
3910
3918
3934
3965
4002
4017
4022
4055
4071
4079
4096
4101
4128
4144
4170
4178
4257
4263
4277
4277
4343
4365
4422
4422
4452
4457
4508
4512
4639
4643
4658
4671
4694
4719
4767
4785
4832
4836
4836
4837
4852
4860
4868
4901
4910
4957
4967
4996
5029
5037
5037
5056
5073
5120
5136
5160
5160
5164
5191
5215
5271
5286
5295
5300
5310
5312
5373
5423
5450
5480
5481
5572
5589
5610
5625
5672
5673
5695
5742
5767
5771
5814
5854
5881
5896
5927
5937
5938
5957
5959
5964
5995
6011
6019
6027
6090
6096
6109
6123
6128
6174
6219
6220
6222
6251
6261
6279
6283
6302
6342
6381
6383
6415
6420
6452
6498
6522
6549
6607
6609
6625
6639
6668
6701
6716
6743
6743
6801
6803
6807
6825
6838
6847
6875
6882
6905
6955
6969
7022
7046
7048
7058
7061
7091
7095
7210
7229
7236
7262
7265
7429
7474
7504
7549
7609
7636
7669
7673
7736
7737
7782
7802
7838
7856
7882
7919
7965
7965
8029
8049
8056
8101
8111
8157
8178
8226
8251
8260
8287
8301
8328
8360
8366
8391
8415
8443
8464
8517
8521
8526
8591
8595
8641
8662
8663
8675
8728
8746
8793
8795
8799
8802
8860
8874
8902
8911
8934
8947
8971
8972
8985
8994
9021
9101
9116
9124
9172
9187
9220
9227
9236
9278
9287
9308
9312
9326
9349
9376
9385
9405
9413
9471
9501
9507
9579
9640
9663
9700
9711
9727
9755
9777
9806
9824
9849
9872
9884
9898
9905
9932
9960
9989
10026
10031
10076
10083
10086
10108
10132
10132
10161
10204
10236
10251
10300
10308
10331
10413
10429
10462
10488
10522
10547
10585
10633
10662
10677
10678
10679
10736
10760
10763
10772
10787
10812
10832
10919
10952
10978
10978
10983
11051
11057
11075
11094
11114
11172
11207
11238
11311
11316
11335
11344
11359
11362
11400
11403
11415
11424
11468
11474
11523
11529
11533
11537
11538
11543
11545
11547
11554
11573
11587
11616
11639
11666
11679
11713
11735
11735
11746
11757
11757
11786
11792
11880
11884
11915
11930
11938
11991
12019
12050
12109
12115
12125
12147
12153
12161
12163
12176
12240
12246
12250
12252
12299
12313
12329
12345
12362
12387
12394
12402
12424
12427
12447
12468
12491
12514
12516
12523
12560
12578
12597
12622
12633
12650
12651
12672
12692
12807
12814
12846
12863
12895
12898
12902
12907
12920
12956
12962
12965
12983
13010
13015
13060
13075
13079
13086
13153
13158
13172
13176
13190
13204
13252
13258
13265
13272
13296
13296
13304
13326
13339
13340
13462
13464
13512
13517
13521
13567
13588
13591
13599
13609
13611
13613
13646
13649
13660
13676
13708
13715
13726
13745
13830
13838
13861
13879
13899
13901
13912
13939
13941
13942
13980
14022
14049
14050
14084
14089
14101
14106
14113
14116
14129
14135
14203
14208
14241
14255
14277
14279
14282
14283
14288
14291
14305
14314
14316
14317
14359
14369
14417
14418
14428
14437
14445
14450
14453
14461
14463
14465
14488
14502
14516
14518
14522
14536
14537
14540
14543
14558
14560
14563
14574
14586
14644
14647
14662
14665
14694
14696
14704
14732
14740
14748
14774
14811
14838
14849
14870
14881
14902
14933
14973
14996
15012
15022
15023
15048
15073
15080
15083
15090
15093
15101
15112
15114
15115
15118
15139
15160
15177
15189
15205
15221
15228
15235
15242
15274
15287
15301
15317
15321
15322
15348
15367
15371
15373
15398
15401
15402
15424
15447
15459
15460
15503
15509
15525
15539
15560
15606
15631
15641
15645
15652
15653
15659
15694
15697
15708
15722
15722
15732
15733
15737
15831
15855
15861
15865
15873
15884
15906
15950
15965
15974
15985
16083
16096
16106
16119
16162
16179
16229
16256
16262
16263
16268
16272
16292
16317
16317
16354
16391
16417
16423
16458
16477
16508
16529
16547
16574
16590
16618
16619
16623
16624
16632
16667
16670
16690
16694
16701
16718
16729
16733
16736
16739
16757
16795
16798
16847
16859
16867
16868
16881
16916
16918
16930
16951
16973
16977
16980
17013
17015
17035
17092
17095
17124
17125
17134
17137
17151
17153
17223
17224
17248
17289
17302
17316
17322
17338
17375
17376
17387
17403
17409
17423
17434
17440
17451
17455
17470
17489
17494
17513
17519
17522
17572
17580
17586
17618
17621
17622
17625
17625
17666
17683
17757
17759
17765
17776
17791
17801
17812
17814
17824
17844
17857
17921
17932
17947
17980
18010
18022
18029
18062
18062
18073
18120
18131
18133
18137
18147
18168
18179
18187
18190
18205
18209
18217
18225
18264
18333
18334
18367
18387
18401
18423
18425
18425
18442
18462
18494
18501
18532
18536
18590
18608
18631
18639
18649
18651
18673
18676
18717
18725
18727
18850
18878
18888
18888
18931
18955
18970
19034
19068
19089
19092
19104
19151
19169
19170
19226
19230
19234
19273
19290
19310
19311
19314
19338
19354
19363
19364
19398
19399
19399
19409
19445
19452
19518
19527
19547
19565
19584
19606
19625
19626
19635
19636
19645
19652
19707
19726
19738
19776
19777
19784
19790
19808
19853
19886
19897
19921
19923
19944
19971
